(((array([[ 37, 235, 140,  72, 255, 137],
       [203, 133,  79, 192, 144, 129],
       [204,  71, 237, 252, 134,  25],
       [178,  20, 254, 101, 146, 212],
       [139, 252, 234, 156, 157, 142],
       [ 50,  68, 215, 215, 233, 241]]), array([[247, 222,  96,  86, 141, 233],
       [137,   7,  63,  61,  22,  57],
       [  1, 128,  60, 209,   8, 216],
       [141, 115, 175, 234, 121, 200],
       [ 30,  71, 131, 198, 149,  49],
       [ 57,   3, 196,  24, 241,  43]]), array([ 76,  26,  52,  80, 109, 115,  41, 210,  15,  64, 196,  25]), 111), (array([[226, 215, 135,  26, 153, 104],
       [ 22,   9, 195, 231, 126,  23],
       [125, 100, 155, 165,  57,  83],
       [166, 136,  32, 162,  10,  23],
       [143, 239,  87,  25, 199, 243],
       [ 92,  74, 190,  46, 160, 216]]), array([[151, 183,  65, 113,  77,   3],
       [128, 248, 253, 205,   6,  52],
       [213, 198,   2,  76, 219, 149],
       [203,   7,  77, 200,  75,  76],
       [ 43,  20,  30,  36, 103,   7],
       [ 45, 196,  57, 240, 252, 210]]), array([ 96,  13,  10,  23, 124,  81, 135, 121, 152, 202, 220, 148]), 160), (array([[140, 193,  94,  60, 233, 152],
       [ 82, 115,  97, 130, 236, 220],
       [103,  98,  10, 182,  96, 233],
       [ 82, 214, 198, 194,  71, 231],
       [176,  54,  15, 133, 145, 170],
       [ 20, 118, 176,  22, 229, 141]]), array([[241, 114,  97, 181,  84,  10],
       [ 96, 183,  61,  56, 217, 149],
       [231,  96, 249, 211,  25, 241],
       [142, 141, 212, 116,  43, 134],
       [205, 184, 187, 143,  24, 251],
       [137, 194, 199,  53,  69, 164]]), array([101, 248,  21,  40,  77, 219, 177, 113,  47, 205, 168, 206]), 45), (array([[ 87, 144, 156, 234,  45, 195],
       [116,  66, 206,  46, 128, 157],
       [ 63,  75,  35, 181, 221,  33],
       [130, 212,  83,  48,  54,  32],
       [253, 156,  55, 210,  31,  28],
       [222,  74, 136, 109,  99,  32]]), array([[  8,  84, 205,  50,  79, 169],
       [ 64, 108, 211,  24, 113, 234],
       [ 20,  44,  15, 158, 219, 142],
       [243,  19, 251, 154, 235,  86],
       [135, 227,  53, 175, 110, 188],
       [243,  34, 100, 228,  32, 147]]), array([195,  24, 211, 229,  94, 166, 175, 231, 133,  79,  63, 113]), 87), (array([[160,  42, 202, 194, 216, 226],
       [158, 145,  68,  64, 188, 244],
       [206, 145, 167, 163, 209, 156],
       [150,  38, 169, 202, 205,  70],
       [153, 230, 240,  48, 178, 190],
       [ 44, 105, 182,   0,  86, 247]]), array([[ 16,  19,   9, 112, 220,  51],
       [111, 138, 123,  68, 151,  14],
       [191,  21, 174, 124, 131, 184],
       [ 88, 208, 174,  54, 207,  71],
       [252,  14, 205, 143, 153,  53],
       [212, 249, 186, 213, 114, 238]]), array([157,  44,  37, 150, 219, 182,  76,  12, 120,  59, 154, 204]), 199), (array([[215, 167, 125,  43, 204, 114],
       [ 38,  91, 112, 253,  69, 226],
       [161, 171, 154, 184, 197,  73],
       [ 52,  89,  27,  43,   1,  82],
       [127,  94, 224, 154,  84,  30],
       [103,  64, 150,  98,  52, 131]]), array([[ 70, 140,  39, 230,  83, 239],
       [176,  61, 198,  13, 164,  23],
       [150, 194, 122, 220, 249, 234],
       [ 95,  53, 137, 169, 185,  88],
       [109, 246, 221, 244, 204,  82],
       [106, 139, 105,  36, 112, 144]]), array([158, 115, 106, 212, 185,  35, 169,  81,   2, 213,  93, 164]), 109)), ((array([[ 46,  80,  27,  72,  28, 130, 227, 141, 169, 121,  36, 228],
       [168,  18, 225, 166,  63, 243,  46, 104, 217, 231, 112, 255],
       [101,   2,  98,  28, 206, 203, 186, 170,  26, 232, 149,  58],
       [127, 144, 220,  37, 233, 237, 232, 234,  11, 150,   6,  96],
       [142, 100,  87, 203, 163, 191, 123,  32, 110,  91, 177, 230]]), array([[122, 128, 150,  97, 198, 164, 146,  27, 156, 229,  52, 102],
       [242, 222, 121,  50,  46,   7, 213,  16, 231, 157, 139, 189],
       [251, 250,  14, 104,  30, 136, 168, 176, 158, 151, 194, 220],
       [192, 231, 140, 145, 250, 161,  10,  28, 233, 203, 133,  81],
       [133, 121,  42,  86, 180,  57,  56,  78,  87, 250, 117, 209],
       [138, 200,  48, 245,  19, 140, 153,  77,  16,   4, 216, 118],
       [155, 178,  68, 131, 186,  12, 130,  76,  96,  96,  61, 143],
       [100, 250,  74, 140, 146, 158, 187, 133, 144,  95,  96, 188],
       [171, 236,  31, 235,  99,  44,  24, 190,  79,  21, 147,  77],
       [ 33,   4,  39, 124,  67, 162, 162,  42,  78, 210, 102,  38],
       [122, 176, 122, 209, 254,   5, 250, 230, 219, 245, 136,  40],
       [197,   5,   7, 206,  37, 105,  78,  33,  27, 179,  77,  30]]), array([171, 174,   9,  67,   3, 195,  54,  97, 191, 227,  80,  28, 165,
       192, 165, 221, 146]), 78), (array([[103, 198, 220,  52, 138, 160,  46,  63, 123, 221, 146, 164],
       [157, 248,  39,  28,  54,  29, 183, 103,  90, 155, 188, 106],
       [140, 145,  71,  91, 135, 124, 211, 184,  51, 160, 204,  62],
       [102, 179,  96,  30, 150,   5, 219,  95, 105, 150, 204, 116],
       [109,  22, 230, 146, 221,  29,  18,  52, 122,  31,  49, 226]]), array([[211, 121, 221, 173, 235, 179,  86,  15, 199, 176, 156, 211],
       [ 27, 253,  43, 147,  79,  70,  88, 250, 214,  11, 229, 193],
       [ 93,  15, 179, 226,  86,  45, 115, 191, 170, 150, 109, 103],
       [210, 168, 172, 144,  17, 107,  88, 230, 128, 240,  97,  82],
       [119, 199, 244,  14, 164,  26, 160, 129, 176,  88, 245,  22],
       [ 34,  94,  21, 196, 195, 176, 118, 146,  97, 139, 139, 121],
       [180,  76,  68, 173, 192,  89,  40,   7,   7, 246,  33,  58],
       [  7, 162, 132, 133, 189, 118, 103, 178,  76, 173, 254,  96],
       [149, 114, 125,  92,  71, 220, 239, 153, 233, 247,  97,   1],
       [ 13, 116,  38, 213, 155, 166, 212, 161,   1, 254, 159, 245],
       [113, 114,  38,  28, 203, 114,  99,  31, 179,  66,  67, 160],
       [ 74, 160, 225,   5,   0, 165, 110,  72, 171, 108,  24, 144]]), array([125,  96, 224,  41, 152,  21, 249, 155,  46,  35,  62,  68,  62,
       125,  32, 249,  45]), 88), (array([[102, 115, 170,  57, 153,  32, 104,  33, 246, 134, 193,  51],
       [ 31, 135, 251, 141, 127, 131, 156, 143,  29,  66, 239,  61],
       [211,  96,  58, 210, 232, 250, 162,  30, 185,  96, 177, 252],
       [ 46,  83,  41,  20, 248,  40, 120, 254, 110, 178, 248, 246],
       [132,   9, 124, 128, 218, 149, 251,  74, 149, 246, 161, 119]]), array([[166,  37,  43, 103,  33,  95, 169, 199,  69, 198,  23, 214],
       [106,  39,  31,  37,  38, 184,  87, 156, 164,  66,  10, 212],
       [128,  16,  30, 131, 252, 206, 108, 187,  53, 121, 240, 243],
       [118, 197,  49, 202, 107, 174, 155, 161,  72,  68,  39, 160],
       [239,  97, 135,  33, 190,  14,  77, 171,  61,  85,  36,  12],
       [250, 181, 118,  26,  82, 229, 250, 127, 227,  12, 233,  99],
       [ 25, 229, 129, 236, 169, 107,  55,  55, 192, 143, 220,  40],
       [ 60,  70, 177, 178, 160, 218,  20,  52,  38, 193, 208, 185],
       [ 52,  89,  19, 222,  64, 255,  42,  47, 149,  97,   1,  89],
       [ 38, 250, 140, 112,  18, 205, 205, 216, 236, 218, 211,  39],
       [ 98, 127,  15,  37, 230, 224, 164,  98, 127, 243, 238,   1],
       [ 32, 158, 229,   7, 112,  50, 178, 250, 160,  43, 169, 197]]), array([  1,  97, 118, 179,  30,  82, 177,  81, 210, 223, 199, 253, 149,
        18, 174, 172, 219]), 137), (array([[132,  77, 255,  63, 151,  95, 243, 187, 229, 125,  64, 210],
       [159, 129,  84, 206, 233,  68,  54,  25, 211, 155, 250,  56],
       [ 92,   8, 183, 109,  76, 174, 177,  11, 136, 189,  74, 151],
       [ 88, 217, 210, 210,   5, 111, 170,  46,  21, 179, 117,  73],
       [170, 141, 146, 151,  45, 223, 125,  52, 161, 182, 142, 185]]), array([[111, 189, 168, 241,  72, 193,  22,   2, 214,   1,  72,  51],
       [199, 112, 215,  77,  62,  48,   0,  42,  39,   3, 185,  43],
       [ 53, 171, 202,  98, 245,  97,  75, 187,  66,  74,  91,   5],
       [ 26, 195,  31,  11, 131, 182, 129,  13,  59, 124, 184, 209],
       [136,  38, 132,  70,  76,  73,   5, 207,  84, 187,  31, 218],
       [  7, 235,  66, 160, 174, 203,  82,  44,  64,  37, 175, 201],
       [218,  84,  15, 193,  52, 197, 194,  89,  28,  19, 235,  17],
       [  5, 237, 207, 138, 254, 157, 145, 209, 174,   7,  17, 242],
       [ 86,  61,  64,   7,  29, 183,  28, 116, 227,  43, 226,  55],
       [232,   5,  50,  92, 191, 180, 105, 162, 226, 211,  77, 165],
       [217, 182,   4,  43, 139,  29,  76, 217, 160, 178, 232, 179],
       [170, 151, 115, 125,  89,  43, 254, 114, 115, 104,  88,  95]]), array([ 28,  64, 114, 214, 254,  58,  88, 127,  51, 150,  10, 107,  31,
       244,   9, 103, 134]), 158), (array([[ 67, 146, 140,  73,  74,  91, 193, 213,  53, 170, 134, 137],
       [164, 246, 215, 187,   8, 181, 215,  18, 106,  21,  67, 253],
       [ 14,  20, 235, 124, 213,   9,  42, 194,  20, 107, 144,  58],
       [ 77,  42,  35,  75, 156, 234,  85,  34, 172, 234, 246, 220],
       [210, 136,  30,  64, 205,  18, 166, 244, 139, 184, 180, 211]]), array([[ 76, 196, 237,  25, 232,  99,  69,  31,  59,  62,  29,  66],
       [123,  32,  71, 249, 188, 252,  93, 200, 155,  97, 221,  68],
       [ 38,  60,  97, 246,   9,  67,  78,  63,  20, 163, 183, 243],
       [156, 173,  92, 184, 122,  51,   4, 207, 203,  31, 228,  76],
       [180, 250,  38,  83, 208, 111, 228,  74,  70, 154, 228, 185],
       [ 30,  99, 192,  38, 146, 223,  41, 242,  95,  57, 176, 170],
       [113, 242, 180, 150,  64, 198, 189, 188, 109,  96, 155,   0],
       [154,  50, 246,  20, 250,  26, 193, 101, 205, 232,  18, 188],
       [253, 210, 230,  59, 117, 113,  62, 242, 247, 166, 151,  68],
       [197, 189,  87, 194,  19, 247, 164,  17, 149, 205, 106, 120],
       [243, 154, 241, 160,   8, 136, 148, 238,  68,  82,  54, 248],
       [213, 127, 231, 221, 247, 202,  89,  23,  94, 218,  13, 254]]), array([139, 170, 138, 216,  24,  47, 249, 196, 171, 219, 121, 141,   6,
         2,  67,  93, 234]), 132)), ((array([[156,  35, 229, 210, 102, 205, 174,  78, 105, 134, 219,  80, 148,
        151,  63, 227, 199],
       [  6,  21, 192,  50,  90,   9, 105,  92, 195, 242,  85, 239,  33,
        199, 121, 136, 231],
       [ 51,  33, 231, 126,  99, 189,   7, 253,  59, 169,  27,  51,  40,
        122, 199, 100,  45],
       [ 94, 137, 239, 216,  46, 121,  58,  21, 182,   0, 147, 147,  85,
         27,  97, 232, 238],
       [234, 149,  94, 239, 146, 195, 250,  35,  95,  29, 103,  22, 184,
        247,  10,  42,  72]]), array([[ 31, 140,  82, 135, 215, 136,  61,  23, 238,  34, 222, 251, 131,
         55, 240, 106, 196],
       [240,  15,  24, 222,  62, 106, 121,  26, 244,  98, 237,  47, 215,
        232, 163, 244, 144],
       [215, 239, 218, 206,  87, 185,  24, 183,  49,  52,  24, 143, 195,
         73, 174, 148,  66],
       [222,  12, 153, 128,  97, 226, 205, 139,  90,  24, 243,  54, 107,
        252, 105, 175, 205],
       [119,  40, 187, 223, 230, 249,  79,  89, 233,  31, 238,  56, 242,
         33, 166, 220, 235],
       [148, 142,   9, 234,  67,  81,  79, 131, 175, 198, 254, 170, 133,
        148, 185, 187, 182],
       [205,  24,  58, 238,  79, 164, 208, 186,  51,  63, 201,  83, 216,
        210, 120,  55, 244],
       [206, 198, 116,  27,  23, 181,  69, 196,  23, 174,  39,  66,  77,
        106, 154,  24, 127],
       [145,  87,   1, 173, 186, 149, 239,  17, 184,  33, 171,  75, 226,
          2,  96,  90,  83],
       [154, 154, 115, 180,  55,   7, 190, 227, 159,  79, 220, 204, 174,
         87, 198,  69,  55],
       [ 92,  98, 215, 213,  74, 143, 117, 142,  56, 215,   1, 212, 203,
         76, 239, 218, 146],
       [ 62, 173,  65,  52,  28,  87,  38, 148,  97, 179, 110,  59,  94,
        192,  14, 225,  52],
       [ 44,  16, 192, 109, 109, 251, 158, 210, 228,  10,  45, 216,  78,
        103,  99,  59,  97],
       [170, 192,   5,  90,  76,  55, 241,  42,  20, 238,  88, 196,  18,
         92, 177, 211, 143],
       [ 17, 189, 135, 124, 231, 192,  55, 130, 218, 243, 132,  16, 205,
         68,  30,  52, 212],
       [164,  98, 187, 242, 228,  31, 108, 163, 160,  50,  51,   5,  33,
        128,   9,  31, 163],
       [ 88, 188,  38, 139,  44, 171,   7, 190, 112, 184,  96,  93, 180,
        104, 152,  43, 179]]), array([ 10,  94,  49,  18, 124, 138,  61, 167, 134, 135, 207, 140, 115,
       128,   3,  51, 143, 195,  81,  59,  66, 143]), 61), (array([[192,  19, 172,  87,  61,  21, 120, 128,  63,  94, 212, 129, 237,
         84, 234, 188, 204],
       [ 22, 142, 152, 174, 236, 235, 104,  32, 208, 198,  54, 152, 205,
        255, 217, 163,  57],
       [159, 250,  39,  14, 113, 221, 176, 110,  13,  19, 143,  97, 169,
        163,  25, 125, 179],
       [ 34, 150,  33, 119,  99,  61, 206, 135, 160, 131,  67, 223, 120,
        185,  96, 174, 217],
       [149,  92, 255,  99, 100,  84,  58,  64,  40,  78,  78, 104,  62,
        190,  47,  27, 199]]), array([[248, 170,  14,  93, 179, 146, 206,  10, 163, 177, 221,  79, 249,
        217, 132,   5, 233],
       [100, 232, 214, 157, 251, 181, 208,  72,  29,  38, 102,  78, 248,
         54,  42, 228,  64],
       [ 68,  44, 101,  84,  73, 178,  80, 178,  35, 230, 200, 143,  39,
        130, 113, 163,  97],
       [ 79,  15, 143, 222,  66, 162, 211, 121, 221,  18, 230,  74, 124,
        146, 153, 145,  49],
       [ 37,  20,  40,  52, 238, 151,  18,  79, 179, 160,  37,  30,  40,
        178, 201,  68, 254],
       [ 80, 143,  63, 192, 115, 219,  20, 105, 182, 151,   6,  24,   0,
        248, 254, 176, 245],
       [242, 208, 156, 216, 246, 129, 201,  21,   0,  76, 160, 168,  81,
         83,  30,  87, 181],
       [ 33, 210, 238,  22, 131,  34,  49,  88, 198, 165, 250, 249, 161,
        140,  37,  79, 193],
       [250,   6, 207,  92,   3, 252,  32,  85, 172, 157,  46, 247, 195,
         66,  28, 124, 185],
       [ 84,  43, 222,  93,  20, 180, 159,  25, 249, 233,  63, 180,  59,
        238, 248,  17, 125],
       [150, 182,  13,  30, 151,  50, 100, 149,  71,   3, 151,  12, 113,
        205, 246,   7, 233],
       [ 52,  30, 154,   8, 103, 124,  96,  84, 209,  73, 167,  56, 188,
        118, 253,  25,  65],
       [223, 248, 227, 116, 107, 155, 103, 242, 146,  86, 129, 162, 130,
        145, 213,  11, 221],
       [ 53,  59, 210,  11, 107, 211, 131,  83,   0, 221,  85, 179,  91,
        241, 160, 254, 214],
       [ 84, 227, 209, 122, 133, 139,  69,   9, 174,  74, 221, 160, 166,
         42,  63, 151, 250],
       [168,  63,  63, 159,  18, 168,   5, 112, 220, 207, 104, 234,  82,
        202, 168, 153, 196],
       [177,  82, 113, 214,  46,  13,  21,  80, 246, 209,  94, 112,  49,
         51, 142, 158,  10]]), array([213,   4, 135, 182,  59, 212,  98,  41,  35, 114, 184, 126, 141,
       250,  11, 180, 109,  66, 149,  81, 122,  94]), 126), (array([[162, 189, 219,  85, 243,  60, 227, 243, 220,  98,  91, 202, 136,
        203, 209, 155, 153],
       [214, 164, 142, 131,  92,  84, 200,  43, 227,   8, 183, 145, 243,
        110,  60, 116, 160],
       [ 98,  83, 155, 223, 180,  50,  80, 219, 234, 124, 110, 207,  26,
         37, 152, 119, 184],
       [168, 180, 166, 147,  44, 148,  63, 149,  65, 196, 220, 117, 146,
         68, 144, 125,  78],
       [ 59, 184,  44, 163,  39, 254, 238,  61,  32,  67,  53, 190,  75,
        245, 136,  34,  33]]), array([[238, 220,  25,  67,   1, 226, 136, 239,  89,  27, 254, 121, 157,
        217, 252,  77,  10],
       [189, 144,  79, 202,  76, 225, 128, 158,   3, 209, 192,  38, 122,
         67, 251, 158,  21],
       [ 26,  95,  10,  69, 161,  36, 137, 116, 238, 128, 231,  55, 235,
        109,  69,  10, 244],
       [  3,  39, 205,  37, 144,  25, 235, 123,  46, 135, 171, 128, 184,
        142,  55,  55, 180],
       [206, 225, 238,  53, 188, 252,   0, 142, 254,  60,  66,  99,  95,
         39,  71,   7, 144],
       [194, 189,  69, 230, 178,  58, 115, 207, 142, 104,  77, 140, 229,
         11,  79, 223, 110],
       [241, 162,   6, 106, 197, 250, 213, 107, 172, 198,  72, 140, 110,
        174,  82,   7, 157],
       [188,  82,  73,  46, 214, 212,  97, 175, 119,  88, 201, 204, 215,
        249,  45, 164, 126],
       [215, 167,  37, 134,  43, 186, 118,   1,  83, 157, 122,  48, 183,
         45,   8,  34,  29],
       [  0, 207,  19,   4,  71, 246, 129, 136, 154,  40,  89,  32,  70,
         96,   7, 244,  38],
       [209, 251, 157, 242, 230,   3, 202, 178,  91, 144, 245, 177, 121,
        107, 110,  42,  70],
       [  8, 159,  25, 162, 118, 249, 182, 225, 224, 108,  70,   5, 191,
        116, 101,  94,  24],
       [174,  20,  22, 128, 197,  22, 155, 231, 229,  25, 112, 228,  64,
         45,  38, 185,  52],
       [ 52,  32, 197, 207, 133, 161, 192, 181,  53, 181, 140, 254,  80,
        118,  96,  33,  51],
       [183, 118, 208,  54, 105,  12,  85,  10,  81, 251,  78, 199, 254,
         84,  29,  12,  63],
       [135,  70,  82,  63, 254,  64, 234, 172,  69, 116, 203, 239,  88,
        125, 162,  14, 187],
       [102, 216, 234,  33,  24, 251,   3,  41, 158, 103, 150, 181, 102,
        105,  96,  91,  91]]), array([ 82, 225, 118, 164, 108,   6, 115, 166, 237, 240, 226, 159,  62,
       121,  47, 190,  34,  71,  42, 148, 113,  90]), 178), (array([[ 22,   2, 191, 105, 128,  92, 103,   5, 200, 180,   9,  94,  97,
         11,  98,  40, 219],
       [ 76,  87, 235, 189, 104, 130, 150,  82, 221, 233, 226,  47,  29,
        122,  95, 226,  80],
       [119, 127, 113, 127, 129,  75,   1, 180, 220, 113,  64, 203, 229,
        206, 107, 190,  76],
       [ 48,  36,  49,  14,  73, 149, 115, 160,  71, 128, 174,  24,  80,
        165, 144, 180,  68],
       [ 92, 218, 102,   7, 188,   9, 162,  63,  66, 253,  68, 121, 141,
        194, 219,  99, 128]]), array([[ 34, 198,  16, 165,  17, 166, 127,  82,  14, 165, 190, 128, 251,
        233, 161, 177, 205],
       [ 99, 159, 185, 186, 124, 201,  76,  28, 204,  53, 186, 159, 222,
         13, 233,  38,  91],
       [ 87, 237, 123,  59, 118, 247, 174,  62, 214, 189,  39,  71, 130,
        187,  25, 185,  32],
       [125, 158, 180, 116,  91, 169, 206, 185, 116, 173, 241,  85,  25,
         73, 202, 134,   2],
       [ 30,  77, 206,  91,  96,  42,  18, 211, 217, 216, 184, 170, 132,
        139,  24, 242, 150],
       [116, 134, 132, 207, 156,  53, 158, 103, 112, 238,  21, 155, 133,
        163, 200,  82, 238],
       [ 48, 236, 229, 179, 252,  94,  24, 204, 106, 168, 235, 213, 156,
        168, 175, 151, 156],
       [252, 212,  89, 165,   5, 240,  23, 113, 196, 148, 141, 184,  29,
        114, 156, 242, 219],
       [182, 156, 191, 231, 209,  60, 197, 211, 200,  79, 100, 176,  52,
         92,  92,  96, 106],
       [229,  57, 222,  39,  90,  78,  61, 106, 238,  57, 133, 204, 153,
        207, 255, 122,  93],
       [ 37, 172, 188, 143,  92,  41,  63,   7, 130, 174,  75, 180,  66,
        153, 228, 240, 239],
       [165, 131,  25, 119,  84, 118, 192, 128,  52,  81, 174, 227, 212,
        145,  54, 127, 163],
       [ 78,  60, 178, 100, 174, 114, 106, 230, 151, 193,   0,  32, 140,
        104,  90,  75, 101],
       [114,  25, 183,  69,   5,  14, 215,   2,  91,  64, 248, 227, 226,
         87, 186,  24, 115],
       [173,  14,  77, 245, 240, 214,  32,  91, 200, 241, 105, 166, 211,
        148, 152, 199, 155],
       [165, 233, 223, 101, 210,  16,  54, 224, 246,  52, 245, 201,   5,
        110,  66, 254, 208],
       [230, 249, 222, 109, 178, 112,   2,  89,  32, 135, 217,  85, 164,
         66, 249,  73,  11]]), array([163, 170, 167,  52, 115, 221, 212, 251, 148, 201, 135, 180, 238,
       197, 185, 190,  89, 247, 211, 144, 156, 173]), 82), (array([[209, 244, 124, 196,  67, 189, 105,  83, 197, 166, 202,  63,  72,
         12, 105, 162,  24],
       [211, 227, 162,  22, 217, 168,  87, 230, 203,  77, 166, 203,  21,
        143, 183, 196, 210],
       [196,  11, 235, 164, 185,  27, 207, 129, 140, 129, 136, 217, 191,
        218, 102, 143, 243],
       [ 85, 254, 208, 123,  84, 155, 221, 135,  14,  75,  12, 255,  61,
        105,  20, 165,  62],
       [194, 161,  57, 202, 200,   5, 126, 127,   0,   2, 233, 132, 237,
         64, 185,  35, 158]]), array([[132, 124,  75, 236,  80,  14,   2, 180, 241, 254,  54, 143, 224,
        216, 119, 128,  59],
       [190,   1, 219,  67, 247, 111, 124,  81, 251, 169,  83,  44, 113,
        225, 134, 215, 184],
       [241,  49,  47,  72,  59,  93,  82,  80, 226,  92, 242, 232, 166,
        138,  87,  65, 109],
       [ 95, 216, 187,  73,  95, 219,  34,  50,  51, 229, 210, 210, 179,
        219, 152, 183,  68],
       [193, 236, 253,  37,  57, 251, 225,  87, 241,  44, 185, 125, 169,
        160,  27, 246,  55],
       [ 63, 208, 219, 204,  56, 154, 232, 190,  53, 220, 150, 240, 243,
        166, 148, 186,  43],
       [105,  19, 110, 229, 173,  75,  37, 212, 162, 215, 127,  58, 129,
         40, 213, 165, 186],
       [135,  24, 152, 234, 119, 211, 250, 169,  94, 237,  27, 160, 142,
        153, 141,  78, 164],
       [ 24, 131,  56, 221,  31, 156, 252,  76, 130,  60,  59,  72, 168,
        143,  37, 135, 241],
       [210, 166, 175, 188, 120, 100,  60, 176,  82,   8,  85, 196,  39,
        233, 191, 182,  13],
       [ 61, 168,  73, 202, 196, 235,  24,  25,  33,  18,  78, 126,  46,
        206,   7, 227, 252],
       [ 77, 136,  38,  49, 118,  14, 236,  17,  45, 121, 185, 108, 119,
        245,  77, 248, 215],
       [154,  31, 113, 186, 127,  23,  37,  42, 221, 109,  89, 209, 224,
        154,  46, 109, 146],
       [ 24, 167, 203,  39, 134, 106,  68, 112,  39,  46,  21,  67,  73,
        228,  24, 199,  32],
       [ 12,  86, 193, 135,   2, 228, 224,  20, 131,  85,  94, 163,  17,
         17, 183, 171, 180],
       [ 95,  25, 103, 217, 157, 179,  67, 175, 248, 148, 127, 199, 207,
          8, 151, 114, 188],
       [ 56, 137,  46, 188,  65, 120, 117, 190,  21,  13, 150,  27, 153,
        119, 145, 227, 160]]), array([221, 104,  14, 213,  52, 153, 240, 239, 188,  83, 246, 196, 236,
       217,  24, 237,  57, 191, 140,  18,  99,  26]), 205)), ((array([[ 25,   0, 150,  14, 202, 167, 203,  19, 137, 227,  71, 181, 232,
         66,  27, 216,   2, 199, 213, 125,  19, 142],
       [ 13,  97, 125,  82, 150,  61, 249, 209, 139, 156, 236, 172, 130,
          3,  10,  31, 253, 108,  91, 224, 102, 114],
       [ 29,  55,  29,  33,  41, 107,  65, 105, 177,  25,  85, 176, 181,
        237, 176,   0,  38,   7,  21,   5,  15, 119],
       [205,  80, 191, 247,  97, 242, 158, 100, 160,  72, 172, 168,  67,
        152,  78, 195,  50, 176, 163, 115, 180,  31],
       [  1, 192, 234, 159,  18, 194,  15, 102, 171, 167,  20, 129, 128,
        173, 241, 255, 210, 157, 108, 120, 154, 122],
       [135, 180, 124, 131,  21,  83,  79, 190,  69, 195, 254,   8, 200,
         43, 235, 123,  95, 117, 217,  76,  72, 186],
       [ 68,  58, 209, 191, 220,  52,  37,  47, 179,  23, 198,   0, 151,
        233, 150,  87,  59,   8,   2, 146, 131, 229],
       [114, 142,  79, 195,  34,  81, 192, 234, 172,  42, 162,  78, 107,
        172,  60,  67, 170, 150, 169, 196, 108, 103],
       [121, 169, 167, 208, 250, 170,  67, 253, 226,  13,  25,  38, 203,
        243,   5, 242, 117,  92, 150,  39,  73,  14],
       [ 47,  71, 129, 161, 198,  60, 231, 147,  15, 113, 122,  97, 239,
        103,  98,  53,  69, 148, 163,  38,  49, 209],
       [186, 140,  75, 181,  24, 223,  22, 109, 161, 152, 158, 215, 128,
         87, 103, 237, 163, 250, 173, 191,   8, 169]]), array([[234, 142, 235, 232,  62, 138, 157, 158, 165,  97, 109,  39, 138,
         67,  54,  77, 122, 173, 201, 196, 108, 123],
       [232, 151,  81,  64, 103,  81,  81,  32, 221, 142,  30, 166, 122,
         96, 215, 121, 103, 128, 165, 194, 232, 170],
       [ 61,  18, 128, 173,  82, 222, 199,  70, 224, 241,  53, 119, 128,
        170,  40, 229,  39,  24, 168, 220,  72, 159],
       [  4,  29, 163, 163,  48, 158,  47,   0, 243,  79, 135, 180,   9,
         24,  51,  85,  91, 115,  75, 142,  81, 189],
       [ 40,  12,  27, 172, 247, 128, 182,  64, 144, 247,  90, 145, 187,
        218, 120, 247,  95,  37, 200, 211, 111, 209],
       [167, 171,  70, 218,  23,  30, 201, 191, 218,  48,  44, 222,  16,
        187,  90, 119, 172, 117, 213,  48,  17, 230],
       [ 51,  48,   6, 204, 250, 107, 253, 194, 243, 214, 163, 172, 246,
        206, 226,   0, 117, 103, 123, 166, 146, 253],
       [255, 229, 117, 209,  36,  48, 131, 179, 117, 243, 100, 243, 176,
        131,  88,  57,  16,  87,  63,  86,  21, 112],
       [ 33,  94,  31,  68, 166,  71, 101, 197, 102, 251,  53,  12, 116,
        100, 224,  46, 168, 126,  17, 221, 206,  61],
       [ 35,  58, 227, 159,  30, 176,  30,  96, 224,  20, 134, 118, 107,
        107,  74,  35, 164,  73, 166, 199, 184,  71],
       [227, 195,  49,  61,  82, 226, 211, 213, 215,  47,   0,  65, 127,
         21, 149,  39,  76, 121,  60, 130, 247, 168],
       [230, 122,  77,  43,  83,  59,  66,  78, 213, 249, 234, 178,  22,
        165, 125, 141, 109,  15, 212,  46, 166, 107],
       [ 89,  54,  27, 157, 176, 143, 201,  29, 179,  49,  88,  64, 141,
        111,  52,  94, 231,  59,  34, 131, 192,  80],
       [ 92, 185, 121, 128, 137, 218, 228, 230,  38,  17, 141,  42, 245,
        115, 180,   9, 166,  25,  57, 209,  51, 197],
       [ 53, 111,  89,  69, 248, 157,  90, 190, 204, 148, 183, 216, 223,
        122, 129, 190, 182,  10, 111, 118, 159, 197],
       [223, 175, 176, 138,  40, 229, 153,  72, 251,  87, 150, 177, 183,
        122,  88, 243, 131, 156,  24,  20, 193, 215],
       [  9, 139,  21, 186,  87, 222, 232, 192, 113,  78,  87,  71, 249,
        120,  86, 242, 210, 106, 128, 115,  42,  34],
       [251, 234, 194,  57, 235, 100, 220, 134,  70, 130, 140,  90, 132,
        128, 162, 204,   8, 151, 189, 250, 155, 143],
       [ 11, 239, 115, 213,  53,  90,  47, 111, 246, 249,  60,  88, 157,
         83, 178, 253,  69, 244, 166,  83,  74, 223],
       [ 47,   5,  59, 139, 252, 235,  35, 127,  51, 212,  73, 245,  12,
        163, 144,   9,  84, 241,  58, 231, 176,  21],
       [ 47,  71,  56,  51,  67, 131,  92, 246,  50,  53, 250, 215, 111,
         79, 108, 220, 107, 167,  80,  82,  82, 114],
       [130,  30, 234, 114,  85, 232, 175, 193, 235,  41, 184,  41, 207,
        252,  44, 100, 222, 207, 114, 241, 214,  33]]), array([118, 182,  15,  27,  37, 133,  64,  34, 111,  42,  87,  44, 104,
       218,  42, 125, 245, 172, 180,  88, 185,  80,   2, 122,  64,  73,
       101, 255, 223, 177, 159,  31, 169]), 39), (array([[ 14,   2,  47,  35, 115, 178,  32,  32, 169,  42, 223, 245, 144,
        117, 117,  83, 156, 252, 159, 219,  11, 229],
       [107, 118, 166, 215,  16, 184, 250, 137, 109, 192, 211, 254,  26,
          2,  38, 213, 158,  86,  53, 249, 159, 158],
       [ 36, 120,  15, 149, 220, 175,  73,  44,   4,  66,  43, 112, 103,
        239,  18, 112,  59,  90,  29, 205, 137, 151],
       [218, 228,   8,  91, 142,  87, 175,  72, 165, 169, 217,  30, 167,
        122, 241, 133,  33, 255,  74, 248,  19, 109],
       [221, 252, 165, 104, 217, 253, 143, 140, 234,  97,  64, 128, 113,
        229, 232,  69, 178, 175, 123, 248,  18, 123],
       [101,  68, 195, 194, 107,  74,  69, 183,  65, 209, 108, 233,  50,
        176, 118,   4,  50, 184, 206, 166, 138, 222],
       [245, 152, 167,  58, 183,   0,  38, 221,  85, 223, 198, 201, 183,
        143, 224,  49,  55,   6, 160,  29, 105, 221],
       [206, 147, 156, 206,  41, 103, 220,  24, 110, 217, 138, 197, 143,
        227,  46, 157,  44,  19,  83,  74,  79, 126],
       [ 44, 226, 246, 243, 140, 214, 250, 205,  49, 159, 181, 215,  92,
         78, 107,   2, 232,  69, 224, 150, 170, 130],
       [ 20,  56, 105, 167,  37,  26, 149, 125,   3, 245, 190, 156,   9,
         54, 129, 124, 156,   6, 124, 172, 239, 195],
       [160, 157,  69, 140,  90,  15,  74, 220,  16,  23, 103, 143, 139,
          4, 249, 236,  71, 222, 152, 208, 165, 241]]), array([[ 63,  60,  81, 177,  78, 104,  11, 128, 175,  23,  81,  90,  12,
        184, 209,  28, 115,  35, 208, 136, 144, 134],
       [ 21,  34, 175, 173, 170, 153,  35, 234, 243,  75,  26, 244,  53,
         87,  74, 194, 205,  60,  52,  49, 164, 188],
       [223, 175, 197,  34, 189, 236,  32,  47, 146,  91,  91, 201, 104,
         81,  12, 169, 117,  57,  70, 118,   2,  34],
       [246,  80,  66, 215, 238,  71, 237,  14, 228, 154, 106, 167, 218,
         58, 173, 245,  82, 212,  52, 122, 227, 141],
       [137, 242, 105, 153,  47, 192, 216, 167, 213, 149,  45,  44,  88,
        253,  83,  68, 195,  70, 163, 238, 247,  34],
       [ 24,  61, 114, 215, 201, 148, 204,  72, 186,  55,  15, 210,  41,
        191, 111, 155,  96,  82,  89,  71,  73,  96],
       [241, 188, 217, 207, 216, 150, 246, 162, 183, 121, 135, 165, 226,
        231, 128,  75, 126,  73,  63,  57,  64,  39],
       [115,  14,  22, 154, 111,  15,  81, 247, 126, 253, 204, 220, 154,
        177,  88, 160, 107, 153,  98,  52,  60,  77],
       [  5, 255, 117,  46, 229,  64, 243,  10, 225,   1,  56, 122, 200,
         91,  56, 127,  21, 214, 165, 200,  74, 220],
       [ 14, 142, 177, 216, 173, 234,  86, 158,  83,  77, 199, 105, 186,
        190,  42, 146, 251, 250,  58, 123,  75,  12],
       [ 28, 101, 173,  49, 120,  94,  22,  76, 184, 217, 166,  86, 139,
        147, 236, 126, 254, 216, 178, 202, 219, 218],
       [114, 168, 187, 107, 254, 118,   2,   8, 203, 199, 228,  29, 223,
        138,  72, 191,  13,  35,  61, 155, 133,  48],
       [164, 210,  67, 134,  38,  18,  71, 181,  15, 108,  52, 174, 225,
        114, 202,  53,   3, 152, 171, 153, 154, 120],
       [  1, 229, 254,   6,  18,  34,  31, 224, 232,  80,  98, 171,  51,
         36, 127,  82, 254, 136,   2,  19,  62, 222],
       [ 75,  25, 163, 207, 116, 190, 121, 104, 204, 204,  74, 198,  47,
         78,  31, 251,  33, 171, 254,   9, 127, 239],
       [184, 230, 214,  46, 248, 250, 165,  36, 138, 103,  50,  77, 147,
        173, 254, 162,  35,   7, 242, 199, 129, 230],
       [  3,  46, 189, 134, 131, 136,  36,  84,  48, 124, 234,  81, 142,
        143, 227, 176, 171, 171,  57, 213, 235, 125],
       [250, 127, 195, 238,  46, 242, 178,   2,   0,  81, 186,  18, 173,
        193, 112,  27, 224,  83, 186, 120,  20, 224],
       [ 43,  84,  11, 226, 218, 100,  46,  37,  88, 168, 121, 134, 172,
        158,  58, 161,  65, 149, 217, 122, 110,  57],
       [  0, 110, 205, 104,  67, 143,  70,   3,  47, 122,  42,   1, 209,
        111,  47, 144,  68, 246, 149,  61,  29,  44],
       [224,  66, 162, 216, 121, 214,  77, 251, 225,  38, 138, 124, 122,
         21,  16,  78, 135, 181, 181, 195,  77, 140],
       [214, 124, 213, 156, 141,  61, 134, 240, 185, 114,  45, 189, 122,
         51, 221, 134, 185,  40,   7, 242, 114,   4]]), array([228, 220, 227, 135, 146, 179,  72, 252, 130,  82, 174, 251, 105,
        18,  86,  29, 163,  11, 180,  76, 165, 206, 197, 152, 197, 252,
       157, 205, 152, 170, 138,  65,  85]), 121), (array([[181, 229,  20,  13, 235,  26, 134, 159, 118, 211, 177,  65, 243,
         54, 128, 178,  81, 165,  76, 198, 148, 182],
       [ 15, 173,  29,  70, 142, 234, 141, 204,  81, 106,  47, 104, 171,
         75,  62, 244,  25, 153, 106, 200, 170,  61],
       [ 44,  44, 181, 160, 156, 133,  20,  61,   7, 255, 100, 179, 225,
        178, 231, 112, 211,  21,   9,  77, 139, 229],
       [195,  35, 242, 121, 242, 165,  41, 137, 143, 221, 244, 232, 119,
         85,  76,  29, 180,  25,  86, 165, 107, 143],
       [150,  91, 164, 173, 194,   3, 186,  95,  72, 200,  99, 245, 246,
         89, 144, 234,  85, 202, 160, 190, 134,  73],
       [ 37, 130,  45,  13, 169,  33,   3, 132, 158, 193, 197,  88, 111,
         74, 164, 249,  65, 184, 205, 198,  16, 170],
       [109, 225, 185, 221,   5,  89, 125,  87, 252,  29,  95, 106, 197,
         86, 232, 169, 209,  51,  46,  58, 167,  83],
       [143,  75,  93, 108, 234, 221, 120,  52, 117, 253,  56,  25, 207,
         36,   4,  82, 240,  94, 139,  42,  22, 249],
       [212,  28, 184, 242, 160, 186, 119,  86, 196, 194,  22, 130, 201,
        129,  33, 208,   7,  63,  69,   5, 229, 170],
       [143,  35,  46, 209,  23,  20, 132,  23, 153,  46,  31,  25, 116,
        146,  11, 119,  53,  45, 134, 148,   5,  67],
       [231, 139, 172, 172, 246,  26, 243, 213,  56, 108, 208, 181, 243,
        100,  37,  46, 139,  64, 227,  56, 211,  22]]), array([[ 56,  76, 202, 199,  36, 178,  31,  23,  28,   0, 167,  61, 160,
         66, 122,  58,  46, 207, 109, 165, 181,  90],
       [216,  33,  34,  25,  78,  19, 237, 211, 248, 180, 203,  84, 101,
        243, 191, 224,  79, 127, 226,  41, 166,  39],
       [  6, 100,   8,   0,  87, 170, 146,  44, 171,  93, 101, 133, 130,
        190, 232, 164,  94, 125, 187,  83, 147,  23],
       [252, 158, 145,  98, 167,  55,  23,  16, 137,  91,  30, 176, 177,
         37,  51, 149, 128, 159,  93, 146,  39,  44],
       [ 49, 172,  23,  36,  81, 253,  89,  69, 107, 202,  85,  68, 244,
         61,  43, 174, 109, 181, 202,  12, 163,  17],
       [139,   4, 215,  26, 193,  16, 203, 101, 125, 122, 153,  63, 121,
        152, 144, 207, 233, 212,  56,  19, 109, 246],
       [111, 161,  65, 120,  29,  38, 211, 181,  69,  91,  64, 147,  54,
        104, 203,  69, 198, 244, 221,  99,  22, 247],
       [ 81, 156, 225, 201,  57, 178, 148, 157, 239, 249,  32, 171, 219,
        175, 174, 117, 110, 185, 239,  79,   1, 119],
       [ 12, 167,  19, 183, 114, 187, 245, 115,  57, 194,  88, 253,  57,
        181, 117, 183, 125,   2,  33, 172,  53, 165],
       [238, 190, 201,  60,  69, 122, 200,  86, 210,  12, 176, 136, 211,
        192,  26,  52, 145,  27, 170, 176, 120,  53],
       [ 92, 102, 245, 142,  84,  45, 156, 143,  33,  89,  70, 142, 242,
        218, 236, 207,  65,  13, 231, 154,  51,  23],
       [221, 138,  72, 239, 105, 179,  29, 147,   2, 164, 150,  56,  98,
        222, 186,  21,  34, 101, 167, 182, 156, 139],
       [110,  59,   2, 255, 131,  86,  10,  27, 129,  61, 198, 235, 140,
        158, 195, 232, 207, 237, 189, 185, 126, 135],
       [170, 131,  53, 217, 140,  99, 242, 202,  75, 118, 229, 187, 119,
        162,  69,  50, 225, 220,  21, 213, 111,  75],
       [171,   3,  84,   6, 118, 129,  65,  96, 146, 181,   7, 112,  70,
        174, 235, 100,  25, 236, 240, 112, 162, 251],
       [ 55, 199, 249, 112, 191, 222, 139, 140,  49,  79, 195, 254, 182,
         69, 209, 169, 159, 210, 161, 201, 137, 216],
       [232, 202,  95, 103,   1,  19,  11,  72, 169,  23, 234,  35,  58,
         29, 142, 230,   1,  49,  94, 167, 241, 155],
       [ 57,  19,  32,  11, 111, 179, 232, 215, 213, 192, 204, 188, 119,
        136,  39,  84, 102,  97, 146,   3, 174, 168],
       [ 31, 223, 170,  62,  23, 144, 216,  31, 225,  75,  83, 107,   6,
         18,  45,  64,  53, 213, 171, 112, 121,  50],
       [170, 109, 141, 135, 128, 133, 238, 250, 141,   8,  38, 194, 187,
        118, 225, 115, 110,  66,   5, 104, 153, 216],
       [  6,  15,  74, 187, 237, 147, 178,  22, 130, 234, 203, 231, 241,
        252, 203, 178,  41,   8, 175, 211,  27, 137],
       [ 70, 146,  78, 197, 115, 189, 211,  35,  35,  56,  53,  22, 141,
        176, 149, 248,   7, 113, 122, 127, 127, 134]]), array([ 77, 156,  43, 212, 198, 249, 225,  28, 252, 201, 217,   6, 181,
       141, 255,  72, 105, 182,  89,  50, 176, 166, 185, 162, 196, 193,
        51,  24, 230, 231, 251,  85, 250]), 175), (array([[113,  38, 212, 166, 159,  78,  78, 136, 164,  95,  72,  37, 205,
        122,  34,  39, 147, 195, 159,  70, 192,  55],
       [187,  56,  26, 236, 217,  77, 158, 103, 180,  88,  31,  83, 232,
        171, 128,  51,  10,  72, 167, 104, 204,  13],
       [ 69, 197,  49,  11, 140, 187, 229, 141, 249,  89, 159, 147, 153,
        192,  86,  66,  18,  86, 219, 227, 255, 226],
       [226,  36,  48,  14, 168,  45, 206, 191, 128, 182, 242,  20, 106,
         84,  23, 237, 115,  55, 187,  40,  37,   2],
       [236, 241, 162,  69, 171, 233, 218, 235, 168, 237, 211, 244, 188,
         45, 146, 111, 196,  26, 188,  45,  58, 117],
       [ 23, 129, 168, 116, 141, 205, 190,  51, 222,  47, 189,  57, 192,
        225,  23, 113,   1, 130, 104,  67, 253, 211],
       [108, 132,   8, 205, 108,  14, 141,  98, 120,   6, 100, 223, 122,
        107, 196,  97, 115,  86, 100, 127, 114, 156],
       [ 73,  34, 211,  58,  48,   9, 142, 159, 239, 238, 236, 152, 123,
        152,  22, 202,  25,  19,  96, 254,  74, 189],
       [213, 135,  53, 249,  88,  61, 203, 196, 145, 118, 171,  28, 145,
         52, 176,  91, 222, 111,  59,  21,  86, 247],
       [199, 220,   9, 252,  10, 148, 211, 143, 174,  38, 147, 254,  60,
        134, 151, 117,  31, 219, 128, 246, 234,  83],
       [122, 122,  71, 237,   9,  67,  65, 126,   2, 244, 106, 193, 175,
        112, 230, 245,  86,  25, 147, 253, 132, 180]]), array([[ 70,   4, 150, 105, 190,  59, 168, 197, 228, 111, 241, 198,  23,
        204, 116,  31,  99,  99, 228,  58, 155,  72],
       [ 30, 146,  56, 172, 164, 187,  88, 109, 184, 235, 100, 211,  56,
          1,  48,   8, 182, 117,  23, 106, 221,  53],
       [242,  70, 151, 170, 196, 118, 127, 189, 158, 200,  26,  35, 113,
        216,  94, 114,  21, 188, 109,  32, 218,  86],
       [250,  18, 137,  29,  74, 158, 186,  39, 106,  94, 153, 201, 111,
         73, 181,  75,  77,  60, 122,  26,  99,   6],
       [212,  67,  77, 161,  91,  51, 164, 161,  83, 168,  13, 249,  64,
        239,  51,  73, 244, 134, 184,  21,  59, 120],
       [158, 173, 196, 238,  57, 105, 147, 210, 159, 198, 188,  75, 161,
         17, 229, 105, 206, 224,   0, 210,  41, 120],
       [195,  85, 122, 190, 100,  34, 152, 225, 200,  12,  50, 253,  63,
        192, 161, 187,  35,  19,   6, 151, 224,  60],
       [146, 253, 224, 190,   9, 151,  40,  76,  97, 134,  79,  34,  80,
        244,  99, 134, 160, 140, 198,  95, 179,  45],
       [ 17, 123, 215,  86,  84, 134, 231,  57, 185,  83, 200, 134,  87,
         18,  30, 247, 109, 134, 215,  13, 227, 118],
       [ 53, 189,  40, 246, 122, 119,  38,  16,  47,  38,  97,   0, 105,
         65, 229, 176, 197,  31,  65,   0, 203, 204],
       [147,  84,  82, 125, 191, 166, 182, 214, 140, 149, 146, 115,  45,
        187, 188, 140, 107,  28, 109, 230, 139,  13],
       [ 60, 102, 210, 187, 104,  87, 250, 108, 211, 245, 130, 161, 255,
        244, 219, 137, 123, 130, 204, 171, 230,  81],
       [110, 145, 216,  53, 178, 110, 100,  75, 244,   6,  36, 227,  94,
        144,  76, 226, 110, 190, 150, 249,  70, 251],
       [109, 235,  69,  82, 143, 223, 232,  18, 149,   9,   2, 206,  78,
        134,  96,  59,  36,  25, 133,  61, 120, 106],
       [136,   6, 148,  56,  13,  93,   3, 206, 133, 209, 218, 252,  39,
        226, 135, 102,  32,  10, 196, 123,  44, 105],
       [226,  81, 207, 225, 147,  49, 126, 252, 253, 117, 194, 189, 178,
         25,  40, 152,  55, 103, 130, 214, 133, 245],
       [118, 137,  94, 208, 153,  53,  71,  65,  55, 191,   7, 106,  68,
         86, 167, 185,  73, 205, 166,  31, 204, 187],
       [209,  27,  89, 250,  39,   8,   3,  14,  98, 137, 203,  78,  81,
         64, 114,  73, 211, 119,  15, 250, 237, 192],
       [108, 180, 175,  26, 244, 181,  16, 153,   7, 126,  24, 132, 137,
        153, 164, 109, 114,  89,  80, 180, 197,  54],
       [153, 236, 236, 169, 146, 108, 139, 208, 230,   3,   1, 238, 145,
        241, 178, 102, 218, 105,  18,  45,  44,  48],
       [229,  20,  91, 122, 144,  35,  29, 135, 156, 134, 157,  97, 224,
         94,   2, 120, 216,  90, 188, 197, 119,   0],
       [ 86,  14,  68, 201,  15,  86,  89, 122,  44,  67,  15, 178, 162,
         52,  14,  99,  70, 158,  28, 220, 200, 244]]), array([162,  59, 238, 142,  80, 239, 140,  86,  63,  85, 229, 206,   2,
         9, 245,  75, 158, 115,  32,  19,  67, 204, 230,  30, 198,   8,
       230, 244, 145, 107, 202, 194, 176]), 65), (array([[233, 144, 104,  32,  17,  77, 127, 186,  11,  66, 229, 161, 135,
        250, 134,   4, 190,   0,  21, 117,  20,  37],
       [178,  58, 243, 209, 206, 134,  46, 112,  12, 108, 189, 177, 179,
        155,  59,  14,  21, 215,  53, 141, 202, 121],
       [ 34, 227, 230,  49,  70,  23,  53, 115, 179,  12, 198, 240, 138,
        226, 132, 224, 139,  74, 165, 159, 171, 222],
       [165, 229, 253, 214, 128, 166,  25, 150,  44, 221, 110, 245,  46,
        213, 141, 249, 159, 174,  81, 125,  66, 245],
       [ 36,  52, 127, 162,  31,  13,  47, 146, 153, 103,  63,  86,   5,
        242, 151, 147, 158, 116,   4, 127,   7, 244],
       [126, 110,  51,  98, 194,  64, 155, 228, 104,  95, 183, 128, 171,
        171, 229, 218,  62, 192,   4,   6,  24,  23],
       [155, 238, 158, 105, 116,  68, 253, 153, 221, 235,  50,  67, 114,
        123, 130, 226,  85, 107, 184, 146,  12,  24],
       [ 37, 197, 192,  58, 128,  64, 141,  21, 165,  98, 125,  14, 109,
         17,  90, 217,  22, 122, 112, 148, 178, 200],
       [ 48, 138,  23, 224, 232,  65,  12, 104, 148, 213,  21, 174,  31,
        154, 162, 110, 238, 110, 120, 186, 114, 241],
       [ 90, 210,  69, 142, 101,  79, 240, 228, 120, 211, 206, 235, 190,
        153,  67, 253, 145,  19, 182,  37,   0, 249],
       [ 80, 189,  61,   3, 245,  16, 181,  77, 109, 152, 122,  64,  19,
        199, 190, 181,   4, 106, 132,  71,  83, 197]]), array([[207,  60, 236,  97,  53, 160, 215,   6,   2, 168, 133,  21, 131,
         11, 207, 195,   6, 239, 203,  46,  16, 191],
       [  4,  19, 119, 168,  37, 114, 117,  62, 241, 186, 133, 207, 236,
         86, 122,  74,  44, 138, 134, 160, 168, 242],
       [126,   8, 194, 223,  72,  57, 152, 124,  94, 161, 175,  94, 180,
         91,  11, 164,   6,  60,  29, 124, 177,  99],
       [244, 125, 252, 183,   6, 168,  63,   7, 118,  75,  26,  55, 159,
        210, 238,  95,  54, 205, 204,   6,  95,  90],
       [206, 185,  13,  83,  23, 148,  65, 218, 212,  54,  66, 211, 215,
         37, 144, 247, 227,   7, 208, 196, 116,  15],
       [107, 143, 210,  20,  47,  20, 227, 246, 186,   9, 224, 183,  59,
        216, 237,   7, 153, 137,  10,  36,  39, 249],
       [148, 210, 203, 156,  98,  40, 213, 124, 211,   5, 138, 176, 188,
        195, 229, 122, 187, 100, 161, 254, 149, 240],
       [ 76, 211, 134, 149, 232, 142,  41,  65,  78, 196, 166, 219,  53,
        208, 104, 222,  12,  89, 205,  60, 185, 179],
       [142, 195,  48, 182, 137,  22, 161,  98, 184,  80, 142, 159, 118,
        147,  42,  31,  73,  27, 243,  61, 142,  53],
       [114,  40, 103, 218, 171, 255,  11,  73, 200,  31,  51,  58, 143,
         48, 229,   3, 153, 123,  64, 112,  28,  68],
       [187,  59, 211,  77, 228, 110, 109, 132,  69,  66,  73,  43,  87,
        106,  83,  73,  78, 190,   4,  72,  40,  97],
       [140,  18, 182,  35,  19, 245, 231,  31, 235, 137,  70,  29, 160,
        102, 230,  85, 222, 214,  84, 211, 139, 212],
       [106, 224, 223, 210, 253, 156,  89, 164, 106, 145,  95, 149,  10,
        207, 189,  39,  88, 246, 218, 100,  71, 100],
       [211, 252, 123, 173,  12, 248,  19, 172,  19,  84,  63, 228, 169,
         63,  30, 118,  51, 238, 139,  53, 159, 202],
       [ 91, 196, 138, 148, 227, 215, 248, 126,  72,  77, 128, 246, 253,
         38,  88, 239, 125, 175,   5,  46, 202, 199],
       [114, 221,  57, 145, 174,  37, 215, 236,  87,  73, 117,   3, 178,
        113,  63, 191, 244,  60, 180, 176,  51,   6],
       [ 63,  93, 129, 152, 150,  88, 176,  34, 150, 241,  39,  18, 191,
         74, 238, 216, 145, 135, 155, 244, 214, 253],
       [ 78,   2,  50,  16,  43,  79, 139, 205,  13,  94,  38,   0,  71,
        154, 220,  76,  94,  88,  54, 144,  62,  73],
       [244,  56, 181,  39, 231,  18, 192, 206,  68, 186,  50,  99, 181,
        251, 171,  47,  50, 175,  87, 241,  94, 182],
       [202, 193, 131, 172,  11, 118,  52, 184, 168, 118,  14, 111, 166,
        227, 225,  13, 174,  61, 133, 122, 189, 142],
       [ 77, 193, 220,  47,  76, 141, 104, 133, 150,  41, 134, 241, 143,
        111, 112,  30, 174, 227,  92, 160, 146, 157],
       [199,   3, 128, 178, 111,  69,  40,  35, 237, 179,  15,  49,   8,
         67,  65, 245, 162, 162,  85, 166,   2,  45]]), array([186, 145, 161,  92, 136, 233, 172,   5, 108,   9,  41, 178, 201,
        77,  62,   7,  32,  79, 255, 194, 169, 205,  76, 121, 176, 219,
       141, 105,  75,   1,  32, 155, 123]), 9), (array([[236,  36,   7, 182,  11,  89, 116, 127,  36, 208, 186,  76,  63,
        104, 151,  32, 193, 207,  75, 201, 190,  17],
       [ 86, 193,   5, 228, 204,  59, 172, 248, 220, 101,  29,  56, 244,
        184,  67, 181, 105,  17,  12, 245, 180,  82],
       [221,  19,  60,  57, 161, 127, 249, 189,  88,  73,  79,  32, 188,
        198, 146, 247, 162, 230,  73, 166, 243, 199],
       [ 22, 227,  15, 182,  27,  23, 247,  26, 139, 244, 188,  30, 189,
        225, 126, 201,  44, 208, 151, 192, 122,  71],
       [ 17,  64,  12, 212,  38, 101, 204, 165,  37, 243, 244,  83,  43,
        215,  77, 228,  13,  43, 252, 246,  90, 155],
       [174, 196, 132,  98, 159,  58,  89, 251, 110,  41,  63, 224, 210,
        106,  54,  87, 167,  71, 254,  36, 111, 167],
       [ 70, 144, 113, 113, 138, 153, 113, 175,  11, 125,  78,  63,  43,
        245, 122,  93, 169,  23, 161, 216, 174,  25],
       [173, 158,  94,  86, 109,  25, 224,  37,   6,  22,  29,  83, 159,
         87,  97,  53, 106, 234,  15, 106, 122, 211],
       [243, 237, 214, 246,  15,  78, 163,   6, 116,   1,   8, 210,  11,
        108,  78,  80,  92, 167,   6, 123, 232, 239],
       [154, 201,  76,  64, 162, 154, 107, 210, 166,  91, 241, 248,   8,
        146, 152, 231, 108, 133, 183,  45,   2,  24],
       [ 47, 185,  39, 237, 207, 165,  51,   9, 165, 136,  69,  15,  56,
         66, 165,  22, 105,  75, 234,  18, 134, 107]]), array([[205,  71,  34, 168,  52, 152,  49, 111, 134, 160,  66, 140,  58,
        214, 160, 236,  48, 238,  45, 183, 160, 110],
       [154,  15, 114,  59, 184,  30,  66, 245,  27, 221,  20, 176, 166,
        104, 150, 192,  61,  84,  87,  67, 125,  69],
       [124,  66, 135,  15, 153, 114,  94, 241, 190, 155, 221, 146, 218,
         84,  73, 100, 238, 207, 244,  36, 128, 140],
       [ 23,  97, 137,  46,  86,  75,  74, 133,  69, 170, 131,  33, 227,
        204,  20,  57, 129, 194,  79, 227,  77, 189],
       [ 77, 118, 206, 102, 213,  50, 112,  85,  16,   1, 117, 110, 243,
        105, 149,  57, 118,  22, 144, 195,  37,  60],
       [206,  80, 218, 128, 165, 114,  76, 252, 101,  80,  81, 135, 188,
         92, 105, 249,  23,  12, 232, 178, 232, 126],
       [ 15, 252, 251,  63,   8,   2, 170, 145, 103,  15, 178, 238,  25,
         63,  51,  54,  27,  44, 186, 207,   4, 139],
       [238,  36, 149, 246, 220, 254,   9, 235, 113,  90,  21,  12, 252,
        126,  45,  97, 244, 236, 117,  28, 167,   2],
       [ 47, 198, 178,  18, 242,  91,  92, 164, 210,  73, 184,  65, 132,
         47,  38, 207,  75, 146, 117, 177, 191, 198],
       [182, 170, 197,  41,  20, 110, 144, 111,   0,  39,  67, 163, 149,
         86,  51, 113, 218, 230, 192,   3,   8, 187],
       [108, 129,   9, 247, 189,  24,  37,  95, 107,  70, 179, 210,  83,
        106,  73, 133,  57,  18, 173, 190, 214,  78],
       [ 86, 194, 108,  50,  21, 221, 200, 118, 120, 245, 231,  70, 204,
        208, 102,  36, 196, 111, 164, 107, 204, 172],
       [175, 114, 239, 172, 179,  20,   2, 174, 117, 125, 119, 234, 204,
        102,  36,  45,  14,  24, 212, 199,  30, 221],
       [108, 223,  11, 178,  72, 196, 234, 222,  79, 126,  62, 176,  82,
         35, 140, 124, 209, 159,  70,   2, 245,  70],
       [ 85, 153, 244, 152, 180, 245, 164,   1,  89, 179, 223,  62, 169,
        195, 194,  42, 182, 230, 180,  71, 158, 156],
       [103,  23, 137, 118, 118,   8, 173, 252, 248, 241,  93, 173, 127,
         69, 148, 242, 219, 135,  17, 191, 252, 119],
       [103, 103, 167, 189,  56, 110, 109, 177, 170, 171, 223, 127, 229,
         85, 235,  89, 186, 225, 149, 154, 150,  90],
       [ 51, 186,  97, 198,  27, 131,  31,  10,  53, 171, 152,  22, 215,
        127,  15, 203, 237, 125, 250,  67,  23,  54],
       [ 58,  66, 143,  91, 154, 119, 152, 133, 154, 172, 237, 119, 221,
         80, 245,  81, 195,  57,  65, 128, 244, 139],
       [230, 255, 161, 123,  18,  60, 133, 243,   5,  71, 244, 142,  80,
         25, 104, 115,  54, 115, 146, 212, 249, 172],
       [ 58,  70, 223, 176,  10,  90, 238,  46,  72, 160,  28,  75, 131,
        180,  33,  81, 183, 124,  90, 229, 121, 103],
       [236,  19, 191,  11, 123, 234,   3, 167,  30,  22, 114, 205, 255,
        190, 232, 238,  64, 184,  71,  35, 180, 253]]), array([174, 239, 236, 136, 208,  60, 131, 150,  31, 223,  95,  55,  10,
        78,  55, 146,  94, 215, 205,  15, 217,  54,  62, 202, 178,  77,
        55, 253, 194, 246, 164, 190, 101]), 164), (array([[ 13, 193, 250, 235, 115,  52, 154,  72, 217, 220, 219, 175, 226,
         12, 181, 170, 229, 144, 107,  48, 126,  20],
       [135, 212, 151,  76,  99,  37, 107,  15,   4, 143, 244,   8,  48,
         36,  66, 205, 146, 227, 172, 166, 139, 157],
       [ 96,  73,   5, 221, 158,  44, 129, 249, 166, 132, 245, 117, 160,
        110,  85,  70, 120,  60, 237,   3,  12, 195],
       [ 11,  13, 156, 131, 109, 225, 100, 228,  70,  28, 202, 118, 217,
         15,  41, 253, 141, 101, 129,  51, 204, 255],
       [211, 199,  55, 119, 137, 208,   7,  27, 172,   5, 174, 206,  95,
         69, 109, 178, 192,  87,  60, 160,  87, 107],
       [155, 172, 172, 117, 253, 171,  24,  18,  75, 109, 207, 128, 182,
         46, 122, 244,  94, 129, 102,  19, 105,  70],
       [230,  70,  34,  62, 137, 132,  62,  48, 174,  48,  90,  80,  10,
         70, 116,  25, 147,   8,  64, 130,  72, 192],
       [ 93, 147,  73, 194,  31, 193, 235,  64, 196, 245, 113, 173, 219,
        221,  22, 249, 253,  97, 253,  54, 233, 189],
       [175,  24, 242,  23, 113, 154,  33, 211, 222, 168, 146, 142, 121,
         38, 191,   6, 106, 199,  52, 142,  43, 207],
       [ 83,  40,  21, 118,  60, 224,  22, 176,  85,  71, 123, 223,  37,
        212, 241, 194,  56,  50,  65, 108, 216, 100],
       [109,  20, 122, 128, 203, 142, 108, 221,  26, 199, 231, 218, 243,
        239, 202, 241, 110,  26,   5,  98,  75, 195]]), array([[ 15, 205, 250, 241,  24,  26, 184, 105, 230, 230, 109,  78,   1,
        104,  21,  78, 128, 218, 188,  74,  52,  87],
       [100, 171,  63, 126, 156,  58,  91, 101,  12,  94, 240, 141,   8,
         69, 249,  26, 191, 131, 110,   4,  34,  59],
       [135,  75, 168,  19,  68,  27, 120,  87, 107,   5, 128, 210,  44,
         53, 182,  88, 119, 195, 157, 109, 149,  36],
       [167,  53, 191, 117,  16, 223, 231,  71, 204,  62, 252, 200,  21,
        201, 250, 108, 113, 146, 210,  54,  74,  73],
       [  3, 104,  30, 253,  78,  69, 226, 224,  16, 117,  32, 176, 145,
        151, 203, 221, 244, 113, 219,  64, 107, 216],
       [251, 238,  63,  70,  59, 223, 155,  54,  35,  29,  28,  32, 181,
         97, 205,  80,  76, 211,   3,  88, 197,  57],
       [216, 208, 175, 146, 109,  34,  69, 204,  84,  32,  26, 128, 228,
         74,  19,  44,  28, 248,   3,  52, 115, 220],
       [ 57, 248, 136,  61, 138,  19,  27, 226, 134, 240, 163,  53,   8,
         21, 107,  86, 158, 223, 101, 196, 140, 179],
       [ 22, 116, 148, 232, 221, 160, 124, 218, 242,  95, 129,  37, 152,
        210, 128, 115,   6,  67, 209,   4, 140, 246],
       [242,  14, 186,   4, 212, 221, 177, 149,  40,  81,  17, 236,  66,
        181, 174, 252,  32,   8,  32,  74, 229, 159],
       [110, 187, 121,  49, 139, 139, 248, 182, 136, 137,  72, 242, 217,
        223,  72,  47, 201, 243, 236, 204, 139, 197],
       [185, 246, 222, 121, 172, 131, 149, 238,  64,  31, 171,  36, 127,
         86, 124,  59,  15,  39,  68, 129, 231, 242],
       [142,  82, 205, 196,  31,  56,  37, 157,  47, 197,   5, 162, 126,
        155,  63, 190,  11, 186, 112, 136,  53,  36],
       [ 74,  12,  26,  76, 130,  85, 198, 148, 105,  47,  46, 128, 180,
         97, 133, 144,  44, 231, 157, 176, 178, 214],
       [242, 145, 224, 185, 160, 206, 129, 149, 222,   0, 124,  76,  21,
         84, 219,  79, 180,  56, 194,  91,  88, 206],
       [223,  56, 137, 125, 139, 212, 187,  13, 176, 251, 111, 160, 173,
        241, 147,  83,  33, 106, 121, 233, 211, 117],
       [174,  54, 200, 193,  71,  56, 161,  53, 187, 201,  68, 241,  49,
         35,  68,  71, 122, 251, 227, 227, 179,  96],
       [134,  84,   4,  23,  21,  99,  35, 187, 167, 194, 188, 161, 136,
          3,  68, 134, 103,   7,  67,  29, 222, 105],
       [205, 225,  36, 202,  29, 218, 228,  55, 177,  81, 173,  10,  15,
         70, 241,  23, 164, 114,  24, 197,  25, 240],
       [250, 200, 125,  98,  76, 111, 127, 118, 244, 250,  78, 101, 172,
        224,  11,  10,  83,  93,  52, 158, 122,  30],
       [ 62,  21, 127, 110,  22, 227, 170, 123, 119, 184, 223,  92,  37,
        171,  85, 223,  72, 222, 129,  16, 154,   1],
       [ 97, 180,  59, 181, 207, 183, 203, 223,  84,  28,  54,  13, 135,
        255, 143,  83, 162,  51, 111, 239, 171, 218]]), array([ 75, 126, 107, 206, 179,  57,  29,  68, 235, 188, 177, 208, 101,
         2, 131,  78, 215, 200, 105, 153, 167,  99, 236, 137,  43, 184,
       192,   9,   1, 209, 143, 214, 211]), 207), (array([[191, 220,   5, 228,  81,  64, 100, 155, 232, 146, 116, 117,  15,
         11, 198,  91, 179, 133,  68,  20, 180,  59],
       [ 36, 130, 234, 196, 103, 154,  21, 172, 170,  42, 176, 181,   4,
        239, 253, 144,  49, 148,  19, 248,  33, 192],
       [237,  84,  45,  34,  35,  88,  24, 188, 140,  81, 164, 166, 233,
        143, 213, 250,  89, 211,  42, 217,  66, 224],
       [121,  74,  39,  94, 244, 128,  10, 115, 121, 231, 245, 160,   1,
        255, 237, 215, 154, 163,  39,  30,   6, 193],
       [207, 182, 186,  44, 209, 127, 144, 219, 189, 119,  76, 211,  84,
        130, 119,  86, 245, 162,  76, 101, 103, 234],
       [ 85, 113,  43, 150,  71,  21,  79,  97, 114, 175,  59,  71, 253,
         63, 229, 251, 163, 157, 181,  34,  13, 197],
       [255, 175, 218,   5,  54,  97,  32, 140, 105,  27,  91,  98, 197,
         17,  30, 121,  33,  57, 141, 130, 201,  34],
       [ 51,  15,   7, 236, 249,  71, 126,  76,  12, 149, 233, 230,  66,
          9, 164,  59, 199,  45, 161,  91, 233,  77],
       [161, 201, 250,  97,  84,  38, 232, 198, 213, 164, 222, 140,  42,
         68,  25,  88, 222,  40, 209, 237,  86, 185],
       [ 56, 209, 181,   2, 237, 140, 238, 133,  28,  21, 101, 100,  46,
        103,  89,  93,  22,  97,  50, 225, 253, 142],
       [ 81, 196,  81, 102, 149,   3,  89,  72,  50,  51,  19,  52, 147,
        234, 187,  23, 186,  76, 163, 200, 237, 229]]), array([[ 70,  30, 208, 217, 179,  62, 112, 177, 171,  12,  96, 251, 242,
        227,  50, 160,  34, 230,  54,  99,  83, 218],
       [173, 255, 173, 136, 113, 180,  78, 217, 149, 251, 191, 159,   5,
         71, 135, 166, 136, 187, 221, 199, 221, 121],
       [225, 210, 129, 107, 117, 251, 111, 194, 170, 226, 174,  59,  58,
        185,  15, 210,  43, 109, 138, 188, 186,  50],
       [194, 192, 161,  67, 180,  58,  47,  90,  23, 119, 142,   7, 159,
         62, 112, 205,   3, 146, 118, 136, 172, 221],
       [ 89,  67,  25, 215,  20, 251, 128,  37,  71, 121,  86, 201, 153,
         32, 218,  31, 108,  98, 111, 191, 137, 233],
       [160, 241, 194, 196, 245, 244, 204, 114,  64,  34, 129,  24, 192,
        144, 132,  86, 248, 101, 205, 151, 199, 208],
       [149, 221,  60, 175,  98,  18, 232, 210, 238, 142, 237,  27,  61,
        118,  26, 250,  68, 207,  84, 203, 187, 136],
       [130, 208, 152,  62,  32, 188, 223, 113,  44,  20, 121, 234,  85,
        219, 217,   7, 146, 176, 204,  36,  62, 182],
       [229, 158, 110,   2, 131, 134, 123, 115,  65,  76, 252, 237, 138,
        163, 194, 102, 193,  75, 115, 159,  55, 233],
       [230, 124,  19, 212,  70,  44, 194, 249, 101,  55, 213, 223, 187,
        246, 126, 108, 190, 204,  80,  95,  12,  80],
       [113, 146,  18,   8, 244, 187, 174, 199, 225, 239, 100,  74,  64,
        111, 205,  78,  46, 129,  35, 249,  82, 193],
       [  6,  48, 191, 121,  11, 214,  81,  58,  94, 101,  99,  27, 107,
        158, 145,  58, 124,  43, 199,  46, 163, 245],
       [  6, 121,  18,  44, 168, 209, 175, 168, 202, 200, 185, 255,  58,
         84, 131,  29, 117, 185, 172, 153, 188,   8],
       [176,  25, 156, 173,  74,  53, 151, 146, 224, 208, 126, 241,  18,
        118, 222,  23, 219,  36, 143, 100, 227, 240],
       [142, 193,  77,  30, 181,  60, 195,  84, 223,  84, 213, 104,  63,
         68,  68, 248,  21,  26,  43, 111, 165, 132],
       [115,  33, 168,  44, 222,  31,  56, 184,  98, 125,  84, 142,  27,
        146,  76, 140, 152, 182, 176,  47,  43, 189],
       [ 99, 135, 126,  19, 126, 174, 147, 207, 186, 222, 188, 119, 241,
        252,  53, 141, 158,  28, 130,  75, 220,  43],
       [ 29, 218, 207,  47,  34, 156, 137, 237,  52,  24,  72, 253, 216,
        110,  87, 128,  23, 144, 142,  89, 171, 134],
       [254, 203, 164,  41, 149,   1, 212, 104,  34,  87,  85, 199, 142,
        210, 255, 131, 104,   9,  44,  25, 120, 122],
       [ 48, 215, 197, 109, 116, 221,  77, 114, 162,  75, 167,  27, 229,
        141, 173,  89, 146, 129, 165,  68, 148, 250],
       [241, 158, 211, 102, 114, 224,  88,  11,  41,  75,  72, 133, 214,
        171, 165, 100, 225,  75, 246, 167, 221,  33],
       [121,  14, 100,  77,  96,  17, 200, 227,  82, 101, 224, 164,  62,
         12, 235, 207, 185, 211,  23,  85,  31,  19]]), array([ 95,  51,  68, 143, 166, 182,  67,  43, 160, 100,  72,  33, 220,
        36, 140, 249, 106,  54, 108, 216, 118,  35, 219, 227,  94,  10,
       102,  96, 215,  67,  30, 194, 166]), 30), (array([[172,  64, 217, 144,  98, 203, 113, 195, 159, 128,  23, 116, 108,
        125, 211,  77,  89,   9, 124, 116,  27,  39],
       [ 90,  17, 203, 190,  37, 188, 171, 246,  41, 166, 144, 211, 110,
        212,  88,  18,  65, 137, 142, 101, 253,  55],
       [ 30, 100, 135, 112,  82, 131, 149, 117, 253, 201, 113, 105, 150,
        140, 242, 143, 218,  46, 242,  36,  29, 199],
       [228, 169, 115,  40,  74, 200,  59,  57, 129,  20, 225,  17, 241,
        160, 228, 129,  86,  81,  34, 174,  40,  21],
       [ 64, 240,  88, 103, 146, 145,  50, 144,  31, 111, 147, 117, 207,
        223,  40, 158,  53, 102, 193, 178, 212, 131],
       [126, 156, 143,  73,  41, 169, 179,  43,  64, 202,  47, 211,  29,
        204,  53, 129, 217, 198,  35, 131, 235, 131],
       [  6, 248, 134,  87, 121, 236, 163,  60, 239, 115,  29,  76, 203,
         41, 135, 169, 101,  31, 161,  14, 216, 243],
       [229,  90, 195, 138, 239, 204, 177, 147,  20, 252, 182, 103,  73,
        198,  38,  35, 178, 180, 228,  41,  92, 226],
       [ 12,  83, 253, 186, 156,  70,  42,  24,   4, 218, 152, 213, 104,
        201, 255, 156, 124, 101, 215, 225, 184, 142],
       [137,  19, 192,  72, 239, 128, 220, 222, 227, 105, 127, 165, 169,
        157, 248,  55, 177,  18,  15, 185,  59, 216],
       [126, 213, 115, 238, 168, 216,  72, 224, 210, 160,  60, 169, 228,
        110, 187,  61,  82, 105,  37,  22, 175,  87]]), array([[141,  23,  73,  27,   2,  53,   8, 133,  80, 138, 107, 104,  70,
         40, 193, 163, 200, 193, 179, 167, 195, 155],
       [ 51, 164,  68, 135,  26,  99, 166,   8, 209,  10, 191, 143, 249,
         79, 235,  58, 122,  21,   5,   1,  14, 208],
       [127, 162, 254,  35, 213,  38, 253,  57, 116, 135, 184, 118, 208,
         17,  44,  85,  76, 106, 199,  84,  87, 180],
       [161, 166, 102,  79,  29, 132, 187, 102,  31,  77,   8,  91, 242,
        156, 221,  87,  81,   5, 195, 221, 179,  93],
       [ 47, 215, 168, 145,  36, 175,  51,  25, 251, 114, 229, 109, 203,
        214,  65, 139, 121,  90,  16,  89, 245, 200],
       [194,  31, 134, 141, 166,  85, 132, 157, 236,  20, 220, 104, 234,
         54,  60, 104, 150,  29, 211,  29, 212,  60],
       [ 39, 177,  78, 231,  66,  25, 193, 187,  93, 231, 120,  98, 207,
         60, 177,  71, 182, 197,  42,  15, 114,  36],
       [166,  42,  39, 179,  50, 117,  10, 140, 184, 199, 202, 221, 226,
        118,  90, 122,   0,  83,  25, 119, 114, 149],
       [106,  68, 168, 129, 134, 142, 148,  33, 201, 194,  25, 106, 175,
        225, 129,  21, 229, 189,  61,  19, 123,   9],
       [147, 171, 140, 206,  78,  37, 202, 247,   7, 134, 191,  97,  89,
        210, 215, 232,  91, 125, 128,  15,  71, 158],
       [101, 249, 209, 215, 180, 125,  47, 181, 176, 190, 123, 139, 249,
         10,  53, 253, 178, 125, 198,  52,  63,  49],
       [ 17, 172, 229,  28, 223,  88,  49, 119, 170, 238, 165,  22,  87,
        213,  19, 132,  39, 151,  26, 126,  10, 147],
       [170, 118, 191, 217, 161,  85, 191, 184,  88, 153, 253,  84, 181,
        249,  34, 187, 172, 248,  21, 221, 125, 217],
       [ 58,  59, 135, 198, 198,  49, 115, 140, 131,  81,   2,  41, 170,
         18, 233, 163,  63, 106, 247,  59, 160, 221],
       [185,  27, 240,  76, 216, 135, 133,  87, 170,  64, 205, 201, 118,
         45, 131, 197, 204,  96,  98, 154, 181, 120],
       [205, 135, 158, 192, 198,  71,  22, 244, 175,  64,  91, 224, 225,
        202, 163, 137, 165, 137, 241, 175, 254,  29],
       [255, 110, 152,  62,   9, 218, 197,  54, 176,  54, 212,  37,   1,
         48,  96,  10, 154,  23, 230, 195,  68,  44],
       [ 73, 219, 171,  82, 185, 169,   3, 127, 200, 129, 178,  64, 105,
        156,  19,  34, 154, 200, 229, 214,  25, 151],
       [189, 131, 181,  21, 211, 222, 104, 232, 157,  16,  22,  16, 187,
         32,  42,  29,  16, 104, 171, 143, 231, 145],
       [101, 196,   4, 148,  76, 158,  94,  66, 199, 229,   2, 224,  22,
        153,  54, 156,  29, 244, 146, 246, 225, 163],
       [ 60,  77, 153,  68, 179,  41, 153, 244,  54, 122, 109,  91, 239,
        238, 242, 226,  95,  79,  97, 175,  10,  62],
       [188,  98, 191,  70, 133,  87, 176, 200, 206, 183,  41, 233, 105,
         97, 216, 122, 127, 157, 231,  37,   0,  94]]), array([128, 246, 203, 143,  50, 133, 192, 131,  83,  76,  49, 206, 191,
       147,  73, 227, 218, 251, 185, 175, 195, 193,  10, 116, 128,  94,
       135,  56,  11, 178, 110, 143,  31]), 61), (array([[183, 140, 107, 209,  61, 253, 248, 120, 175, 199, 231, 125, 163,
         36, 223,  97, 192,  23, 245, 220,   0,  65],
       [224, 217, 254,  74,  77, 216,  87, 107,  48,   4, 184,   3, 255,
        102,  73, 200, 112,  71,  13,  75,  62,  42],
       [ 80, 242, 159,  46, 198, 104,  29, 145, 175, 125, 165,  12, 244,
        189, 188, 160, 185,  32, 213, 150, 137, 101],
       [ 43, 227,  69, 237, 246,  97,  38,   4, 165, 101, 201,   5, 161,
         74,  17,   8, 143, 157,  52, 144,  35, 236],
       [193, 244, 148, 226,  38,  90, 140, 113, 235, 119, 132, 119,  62,
         67,  53,   9,  25, 149,  34, 151,  20,  49],
       [ 98, 180, 225, 119,  39, 130,  97, 177,  98, 121,  20,   6, 197,
        159, 247, 255, 131, 255,  95, 159, 139, 149],
       [106,  41,   1, 186,  85,  98,  22, 170, 136,  20, 110, 198, 182,
         51, 142, 204,   2,  62, 203, 155,   7, 169],
       [ 21,  43, 253,  19, 207,  73, 221,  38,  38,  43, 137, 240, 129,
        103, 215, 245, 145, 142, 229, 185, 244,  93],
       [147,  41, 170, 206,  95, 169, 208,  22,  39, 215,   7,  28, 159,
        131, 222,  76, 116,  14, 231,  67,  55, 196],
       [221,  51,  34,  41, 250,  27,  17,  26, 192, 178,  53, 211, 149,
          8, 137,  12, 144, 201,  25,  63, 248,  11],
       [ 47, 147, 202,  25, 170,  43,  97, 208, 236, 182, 210, 123, 166,
        241,  19, 134, 132, 233, 235, 221, 185, 131]]), array([[218, 218, 137, 133,  92, 122, 184,  98, 227, 198,  91, 157,  52,
        172, 242, 214, 132, 164, 138,  86, 234,  83],
       [117, 124, 150, 121,  54,  49,  84,  99, 113, 131, 249,  53, 127,
         26,  32, 128,  15,  78, 181,  28,  24,  82],
       [143,  58, 113,  25, 194,   0,  60, 253, 118, 213,  67, 145, 245,
         49, 207,  73, 146, 168, 219,  77, 103,  94],
       [ 61,  80, 237, 112, 242, 125,  83,   3,   1, 172, 165, 190, 124,
         62, 149, 111,  24,  96, 187,   7, 244, 185],
       [224,  78,  27, 159, 224, 122, 100,  45, 165,  58, 170, 156,  95,
         20, 252, 239,  22, 167,   1, 234,   0, 140],
       [155, 133, 182, 193, 153, 135, 133, 126,  58, 226, 147, 195,  61,
         29,  97,  89,  61,  49,  95, 179, 200,  11],
       [201, 170, 226, 248,  78, 126, 104,  97,  82, 187,  66, 233,  33,
          6, 101, 236, 166,  10, 113,  16, 160,  13],
       [ 85, 240, 107,  38, 143,  90,   1, 235, 119,  47, 108, 223,  62,
         68,  35, 129, 212,  75,  37,  56, 189, 154],
       [ 13, 125, 206,  26, 158,  45, 231, 246,  71, 123, 223,  80, 238,
        142,  87,  38, 127, 240, 108,  56, 246,  89],
       [ 15, 203,  31,  54, 186, 168, 162,  69, 158, 130,  13,  88, 233,
        144,  32, 144,  90, 187, 191,  29,  93,  73],
       [ 34,  28, 183, 230,  71,  45,  49, 118, 119, 169, 240,  40, 110,
         44, 223,   4, 120,  57, 247, 139,  54, 105],
       [151,  45, 253,  60, 122, 134, 165,  71, 171, 101,   7, 147,  43,
        228, 248, 114, 157, 189,  66,  64, 148, 249],
       [ 35, 254, 238, 243, 101, 202, 129,  96, 205, 153,  48,  90,  87,
        222, 251,  40, 227,  80,  43,  48, 156, 186],
       [141, 152, 163,  29,  42, 135, 193, 206, 170,  99, 229, 151, 152,
         26, 142, 201,  46, 142, 163,  21,  66, 230],
       [206, 123, 152,  84, 238, 151, 253, 137, 222, 236, 111, 228, 174,
        253,  96, 217,   0, 151, 191, 151,   7, 156],
       [ 64, 229, 102, 176, 124, 142, 204, 198, 157, 177, 100,  72,  34,
        147,  96, 152,  93, 147, 252, 114,  90, 128],
       [ 78, 212,  57,  99,  66, 156, 244, 210, 133,  63, 198,   4, 120,
         29, 102, 196, 165, 232, 226, 172, 181, 113],
       [ 49, 141,  26, 201,  70, 223,  43, 132, 139,  48,  10, 178, 221,
        223, 117, 129,  52, 127, 241, 186, 229, 195],
       [122,  96, 184,  57,  71,  92,  70, 128, 102, 167, 130, 146,  72,
        168,  30, 122,  51, 185, 190, 171, 141,  34],
       [ 35,  16,  62, 223, 113, 213,  96,  65, 193, 194,  84,  69, 206,
        192, 170,  28,   0, 125, 109,  94, 183,  24],
       [ 26,   3, 126, 108,  18, 115, 139, 213, 250,  95, 113, 138,  65,
         90,  12, 254,   7, 252,  59, 250, 124,  51],
       [204,  22, 238,  33, 146, 164,  46, 150,  32,  53,  43, 222,  30,
        158, 143, 224, 160,  84,  40,  31, 124, 162]]), array([252, 193, 162, 202, 143, 232, 252, 219, 242, 113, 136, 145, 112,
       126,  75,  60, 233, 231, 199, 110, 152, 217, 121, 117, 237, 161,
       192, 235,  79, 175,  89,  33,  67]), 52), (array([[ 93, 181,  78, 195,  97,  57, 208,  53, 255,  27, 226,  46,  53,
        183, 197,  19, 200, 218, 217, 117, 137,  15],
       [ 92, 163,  66, 136, 235,  88,  95, 207, 124,  69,  84, 117,  54,
        164, 212,  80, 136, 135, 152,  78,   8, 137],
       [221, 208, 218, 140, 194, 109,  29,  66, 152, 165, 189, 213, 174,
        218, 176,  30,  67, 147, 171,   1, 215,  80],
       [ 81, 242, 159, 143, 216,  70, 246, 131, 196, 176, 181, 162,  74,
        109, 151,   9,   9, 247,  82, 136, 199,  41],
       [215,  46,  74, 197,  97, 225, 183, 187, 129, 243, 136,  63, 113,
        113,  79, 230, 234, 206,  47,  92, 189,  12],
       [163, 162, 227, 250,  16, 235, 254,  98, 139,  15, 102, 209,  88,
         74, 235, 111, 173,  75,  77,  99,  94, 133],
       [ 48, 196, 196, 255,  53,  48,  10, 174,   0,  86, 189, 112, 252,
        189, 241, 111, 173, 229, 182,  93, 143, 191],
       [144,  65,  39,  97, 247,  36, 212, 100, 148, 194,  45, 244, 173,
         65,  77, 102, 112, 227,   7, 166,  19, 180],
       [245,  59, 160,  28, 152,  38, 245, 231, 216,  72,  90, 221, 195,
        206,  85,   1,  42, 181,   2,  11, 112, 202],
       [188, 119,  91,  89, 227, 169, 138,  56,  13, 205, 146,  25, 102,
        130, 224,   0,  97, 214, 156, 227, 218,   2],
       [  1, 251, 123, 248, 212, 221, 184, 134, 111,  65, 105,   5, 137,
        145, 125, 215, 122, 145,  12, 203, 133, 137]]), array([[253, 252,  43, 128,  85,  88, 247,  17, 232, 191,  26, 156, 215,
        129, 248, 205,  33, 208,  15,  47, 205, 201],
       [235,  37,  24, 153,   4,  15,  94, 247, 182, 247,  25,  32, 175,
          7, 186, 174, 203, 189,  48,  67,  80, 132],
       [ 57,  54,  18, 225, 176, 154,  26,  24, 191,  32, 244, 170,  30,
          2,  79,  25, 138, 156,  14, 160,   6, 239],
       [253, 199,  95, 243,  43, 163, 122, 173, 220, 156,  27,  15, 137,
        241, 222,  31,  53, 198, 236, 228, 241, 105],
       [115, 149,  66, 188, 253,  37, 225,  57,  71, 219,  57, 223, 251,
         90, 113,  20,  94,   5,   1, 154,   7,  61],
       [240, 131, 157, 149,  88, 187, 250,  91, 226, 239,  58,  12, 144,
          2,   0,  71, 159,  42, 186,  28,  92,  40],
       [159, 202, 124, 162, 234,  40,  25, 184, 108,  73, 204,   1, 140,
        238,  53, 247,  84, 117, 188, 172,  39,  55],
       [217, 195, 228, 192,  41, 223,  46,  18, 119,  45, 214,  93,  10,
         33,  56, 229, 159, 131,  20, 162, 123, 194],
       [ 95,  24,  74,  39,  72, 215, 134, 231,  33,  51, 122,  83,  22,
         16, 143, 241, 209, 197,  69, 193, 205, 191],
       [ 55,  96, 197,  51,  54, 137,  16, 180, 153, 149, 185,  25,  49,
        246,  51, 174, 222, 217,  32, 165,  38, 131],
       [130, 165, 251, 133, 134, 190,  86, 217,  43,  24,  94, 194, 112,
        163, 215, 214,  63, 246, 101, 144,  94, 126],
       [ 27,  43,  10, 241,  82,  44,  36, 100,   7,  76,  42,  43,  15,
        202, 247, 110,  31, 101, 110,  48,  86, 235],
       [138, 149, 219, 125,  23,  44,  24, 104, 154, 237, 213, 154, 170,
        103,  96,  17, 203, 109, 145, 107,  99,  42],
       [108, 120,  52, 181,  73,  87, 224,  40,   6, 128,   3, 207, 119,
         93, 160, 162,  27,  12,  83, 221, 115, 247],
       [248,  90,   5, 233, 185,  50, 162,  85, 172, 118, 223,  27, 198,
        217, 145, 244,  48, 193,  19, 191, 154, 160],
       [  1,  84, 143,  78, 121, 210, 183, 180, 184, 150, 185,  99,  75,
        191, 227, 159, 253,  43,  95, 162, 203, 224],
       [246, 184,   1, 177, 213, 118,  40, 192, 178, 184,  32,  62,  84,
         23,  70, 216,  41, 104, 166, 154,   1, 128],
       [164, 164, 169, 234,  88,  16,  68, 181, 149, 220,  23, 219,  49,
        179,  69, 181,   0, 188, 140, 109, 147, 124],
       [111,  27,  12,  87, 144,  69, 110, 224,  89, 119,  32, 222, 250,
         90,  78, 134, 170, 140,  32, 244,  89, 199],
       [ 74, 104, 249, 109,  90, 226,  78,  35,   1, 157,  91, 159, 250,
        169, 169, 131, 193,  62, 197, 134,  68, 118],
       [134,  45, 111, 177, 228, 124, 168, 100, 101, 179, 216, 240, 141,
        151, 169,  35,  18,  69, 142, 232,  60, 215],
       [194,  22, 200, 155,  10, 183, 233, 148, 108,  70, 153, 222,  24,
        215, 106, 140, 119, 100,  69,  18,  44, 139]]), array([ 46, 142, 235,  50, 119, 203, 192,  87, 157, 252, 254, 125, 191,
       194, 135,   0, 145,  45,  60, 138, 105, 166, 180, 125, 237,   9,
        12, 234, 169, 232,  23,  70,  57]), 203)))
