((array([], shape=(0, 6), dtype=int64), array([[232,  28, 196, 117, 148, 250]]), array([[ 34, 229, 244,  54, 103, 134],
       [ 52,  59, 170, 247, 247, 135]]), array([[166, 113,  18,  14, 169, 157],
       [189, 181,  65,  30,  14, 225],
       [240, 242, 233, 230, 108, 201]]), array([[ 91, 158,  93, 168, 214,   1],
       [ 96, 175, 164, 154,  22,  54],
       [ 88, 188, 167,  50, 183,   2],
       [114, 100, 122,  72, 226, 130]]), array([[171, 122,  41, 217,  74, 170],
       [102, 161, 237, 197, 135,  52],
       [139,  54, 133,  22,  43, 181],
       [  8, 108, 238, 117,  59,  30],
       [ 67, 135, 103, 119,  18, 210]])), (array([[194, 252,  79,  93, 235, 177],
       [129, 171, 253, 210,  16, 231],
       [153, 100, 234,  86,  92, 179],
       [126, 183,  99,  97,  30, 164],
       [ 80,  91, 236, 249,  43,  44],
       [186, 157, 128, 202,  70,  61]]), array([[ 24,  36, 189, 191,  84, 155],
       [167,  96, 108,  78, 143, 240],
       [130,  85,  67, 249, 248, 251],
       [214, 237,  33,  70, 193, 129],
       [ 58, 158,  90, 188, 239,  88],
       [ 21, 241,   2,  31, 174,  84]]), array([[215,  16, 225,  76,  72, 246],
       [ 72, 133, 111,  58, 138, 254],
       [134, 124, 148,  55, 135, 250],
       [104, 120, 205, 174,  88,  78],
       [ 57, 170, 255,  87,  34, 244],
       [ 38,  88,  25, 161, 186,  58]]), array([[227,  26, 183,  15, 123, 148],
       [245, 108, 125, 105,  72, 169],
       [250,  19,  46, 119, 236, 208],
       [ 51, 106, 247, 160, 115, 214],
       [166, 166, 174,  61, 180, 124],
       [  5, 121,  70,  99, 117, 234]]), array([[ 96, 207, 229,  64, 139, 248],
       [ 21, 206, 170, 220, 215,  50],
       [ 58,  87, 110,  58, 217, 132],
       [120, 219, 126, 117, 115, 156],
       [ 19, 255, 164, 184, 106, 250],
       [ 26,  81, 160, 204, 211,  23]]), array([[250, 156,  52, 232, 167,  37],
       [110,  81,  31, 140,  93, 233],
       [ 21, 252, 234,  39,  56,  40],
       [242, 165, 127, 198, 149, 192],
       [115, 147, 144, 211, 172,  72],
       [136,  88,  24, 250, 204, 164]])), (array([243, 226, 241, 165, 171, 178,  26, 240,  41, 118, 245,  42]), array([188,  45, 251,  69,  61, 233, 101, 225, 149, 179, 156,  35]), array([246,  95, 206,  67,  55, 214, 140, 221,  13,   3, 199, 176]), array([215, 211, 175, 105, 147,  14, 201, 141, 221, 216,  23, 130]), array([ 87, 154,  95, 206, 212, 175,   4, 212, 115, 223, 111, 182]), array([ 73, 210, 188,  63,  90,  21, 158,  72,  91,  56,  28, 201])), (137, 93, 103, 190, 198, 176))
