((array([[120, 128, 218, 159, 214, 157, 165, 162, 254, 117,  28,  37, 201,
        175,  69,  24, 153, 250,  72, 240,  26],
       [189,  63, 162, 145, 114, 170,  90, 109,  74, 240,  45,  58,  20,
        177, 232, 142, 217,  35, 104,  90, 216],
       [206, 155,  72,  44, 149, 246,   4,  37,  43,  55, 214, 180, 163,
        149, 161, 219,  12, 197, 170, 103, 252],
       [ 62,  94, 175,  30, 186, 127, 200, 132, 104,  48, 191,  48, 208,
        238, 212,  48, 218, 178, 108, 183,  39],
       [185,  26, 131,  13, 207,  69, 227, 206, 174, 172, 132, 109, 252,
         67,  41, 203,  55, 136, 226, 158,  24],
       [248, 182,  24, 120,  99,  29, 229,  14, 216, 121, 124, 166, 170,
         70, 176, 220,  95,  39,  48, 187, 148],
       [205, 200,  77,  47, 185, 132,  26,  49,  36, 111, 168,  37,  33,
        132, 120, 209, 168, 202, 134,  67, 110],
       [132, 118,  73, 200,  32,  61,  26,  41,   6,  50,  75, 238,  50,
         10, 250,  84,   5, 111,  72,  98, 167],
       [227,  45,  64,  92,  75, 109, 130, 163,  41, 142, 224, 243, 179,
        127,  23,  23,  65,  48,  35, 121, 111],
       [115, 243, 147,  73, 228, 203, 122, 124,  74, 138,  43,   1, 221,
         46,  90, 111, 114, 210, 171, 108, 122],
       [ 95, 164, 241,  61, 135, 156, 229, 193, 153,  43,  49, 251, 199,
        172, 226, 167, 223, 104, 219, 108, 110],
       [216,  71,  51, 230, 109, 112, 249, 166, 154, 117,  18, 163, 209,
         54,  38, 137, 188, 235,  66,  47, 119],
       [ 57, 219, 196, 252, 193,   1,  31,  87, 238,  12, 240, 184, 163,
        139, 170,  66, 190, 180,  15, 193,  74],
       [114, 161, 164,  67,  11,  81, 175,  70, 157, 226, 211, 135, 176,
          1,  93, 194,  82,  52, 241,  41, 144],
       [245, 223, 255,  88,  82,  12,  72, 239, 148,  37, 219,  78, 224,
        117, 231,  31,  96,   6,  80, 181, 127],
       [139, 239, 146,  96, 231, 160, 210,  23,  76, 242, 210,  90, 185,
        248, 197,  50,  64, 223,  98, 135,  95],
       [203,  86, 113, 134, 180,  46,  86, 239, 136, 217, 143, 238, 219,
         22, 174, 241,   7,  13, 102,  12,  44],
       [246, 253,  93,   4,  71, 161, 229, 143, 179, 183, 173, 153,  87,
         20, 217,  35, 166,  28, 229, 193,   8],
       [ 42, 166, 139, 145,  73, 134, 239,  21, 231,  66, 133, 171, 240,
         46, 103, 250,  41, 163, 178, 207,  57],
       [216,  54, 177, 151,  75, 193,  82,  86,  88,  74,  13,  72,  73,
          4,  13,  89,  87,  10, 207,  34, 206],
       [ 95,  36,  40,  32,  77,  30,  26, 251, 133, 211, 191,  62, 240,
         26, 134, 252,  49, 180,  79,  32,   1]]), array([ 10,  68, 185, 106, 193, 169,  99, 161, 145, 235, 134,  74, 236,
        39, 220,  75, 209, 154,  41, 104,  46])), (array([[ 21, 248, 203, 162,  74, 146,  51,  72,  86,  63,  86,  55, 114,
         52,  78, 201,  99, 186, 168,  19,   6],
       [231,  53, 229, 253,  69, 105,  61,  53, 233, 169, 100,   3,  59,
         12, 216,  27, 156, 177, 169, 166, 220],
       [183,  60,  28, 247,  57, 117, 199,  39, 158, 201,  43,  10,  77,
        245,  73,  85, 228, 167, 213,  79, 145],
       [214,  93, 147,  39, 144, 104,   3, 181, 186, 172, 216, 204, 241,
         71,  64,   2, 235, 166, 130,  42, 177],
       [165, 222, 110, 224, 240, 232,   1, 167, 124, 254, 115,  61,  61,
         34,  91, 182, 105,  62, 245, 129, 181],
       [183, 220, 210,  11, 118, 249, 167,  49,  88, 134, 107, 234,  81,
        209, 141, 161, 160, 146, 147, 114, 224],
       [ 78,   8, 254, 199, 211, 144,  77,  70, 167, 143,  14,  96, 168,
        163, 206, 168, 220,  90, 229, 114, 104],
       [109, 210, 253, 103, 166,  20,  13, 170,  58,  62,  29, 195,  79,
        150,   1, 134, 122, 163,  23, 103, 233],
       [162,  28,  24, 252,  64,   2, 109,  63,  94, 170, 159, 121,  58,
         38, 125, 121, 126, 175, 254, 163, 127],
       [211, 122,  91,  60,  96,   7,  47,  80,  46, 115,  53, 239,  66,
        123, 252,  59, 198, 163,   9, 207,  50],
       [146,  92,  75, 105,  64,  16, 219, 219, 133,  81, 251, 225, 231,
        147, 208,  26, 152,  70, 213, 197, 158],
       [ 34,  59, 121,  15,  78, 136,  96,  48, 171, 118, 172,  95, 236,
        229,  54,  69,  81, 195, 188, 211,  38],
       [ 70, 198, 218,  97,   1, 185, 199, 155,  72, 183, 223, 167,  33,
        242,  77, 136, 174, 186, 214, 241, 186],
       [119,  90, 190,  83, 149, 236, 175,  87,  46,  89,  94,  15,  73,
         79,  82, 225, 143, 230,  39, 154, 149],
       [212, 220, 230, 124, 222, 131,  77,  35,  16,  53,  64, 197,  82,
        122,  89,  75, 184, 166, 160,  60,  78],
       [ 97,  60, 248,  10, 200,  35, 172,   1,  68,  36, 205, 124, 154,
        174, 139, 120, 131, 148, 139,  60,  35],
       [104,  90, 255,  27, 122,  56,  69, 200,   2, 129,   1,  41, 118,
         57,  37, 246,   8,  16, 254,  24,  11],
       [ 91, 150, 237, 255,  25,  85,  99, 242, 215, 174,  89,  94,   6,
         87,  94,  72,  26, 233, 107, 145, 188],
       [ 30,  37, 234, 212,  28,  59,  51,  86, 151, 205, 139,  33, 229,
        185, 193,  98,  99,  26, 251, 148, 189],
       [172,  72,  24, 203,  46, 226, 118,  62,  12, 249,  77,  78, 121,
         97, 163, 106, 243,  81, 154,  89,  94],
       [224, 126,  20,  66,  58,   3,  59,  85, 190, 195, 129, 156,  75,
        187,  99, 142, 155, 253,  59, 193, 244]]), array([  3, 144, 151, 210,   0, 221,  63, 217, 212, 245, 140, 213, 204,
       246,  13, 180,  14, 200, 117, 245, 205])), ((array([[ 53,  33,  44, 184, 237,  21],
       [173,  22,  46, 136, 115, 240],
       [ 66, 176, 108,   6, 105,  98],
       [154,  87,  21,  30, 191, 145],
       [ 25, 106, 207,  58, 177, 214],
       [254, 156,  79, 255, 195,   3]]), array([[173, 180, 199, 246,  42, 178],
       [ 33, 244, 166, 186, 104, 120],
       [ 88,  75, 234, 164, 217,  55],
       [158,  13, 159,  74,  16,  16],
       [120, 239, 241,  13, 146, 165],
       [ 19, 252,  12, 142, 121,  54]]), array([ 69, 182,  12,   7, 217,  57, 209,  29, 228,  74, 169,  66]), 54), (array([[ 81, 197, 170,  54,  19, 180,  20,  94,  54,  75,  90, 169],
       [119, 147, 185, 213,   0,  43,  16,  96,   0, 158, 224,  22],
       [162, 206,  47, 156, 153, 151,  45, 248, 102, 121, 164, 141],
       [197, 158, 197, 145, 122,  95, 251,  83, 108, 181, 134, 147],
       [ 69, 131, 144,  52, 144, 217,  82, 245, 210,  82, 253,  55]]), array([[ 67,  78, 115,  16,  99, 208, 244, 131, 164,   8, 203, 243],
       [ 65, 111,  44, 251, 147, 250, 179, 191,  79, 244, 136, 197],
       [198, 143,  86, 105, 255, 123,  74,  11, 224, 162, 182,   9],
       [200, 172, 106, 118, 149,  93,  67, 165, 250,  96, 118, 215],
       [138, 222,  37,  25,  93, 240, 142, 116, 246, 204,  63, 106],
       [134,  57,  83, 234, 168,  37, 215, 252,  32,  15,  80, 185],
       [179, 196, 233,  27, 230,  12, 172,  39, 115, 106, 204, 221],
       [114,  47,  12, 103, 233,  27,  68, 137, 213,  27,  16,  13],
       [145, 189, 180, 105,  30,  60, 208, 158,  66,  68,  23, 102],
       [ 90, 118, 175,  12, 193,   9,  65,  46,  52,  77, 255,  76],
       [156,  77, 243, 175, 159, 233,  72, 187, 114, 114, 236, 157],
       [227,  14,   6,  12, 115, 140,  72,  27, 212,  47, 103, 164]]), array([204, 160, 246, 239,  46,  86, 223,  57, 195,  87, 244,  69,  20,
        36,  88,  89,  87]), 173), (array([[211, 222,  17,  56,  56, 149, 159,  58, 166, 119, 104, 126, 248,
         59,  75, 175, 165],
       [169, 130, 200,   4,  19, 160, 237, 222, 207, 127, 183,  27, 104,
         72, 215, 173, 212],
       [138, 234, 187,  40,  96, 193, 133, 158, 129, 106,  16,  80, 147,
         47, 152, 194, 189],
       [120, 249, 101,  46,  47, 183, 208, 133, 234,  97, 101,  66, 103,
        107, 110,  49,  87],
       [ 57, 238,  91,  41,  61, 112,  90, 234, 245,  78,  62,  55,  41,
          0, 156, 218, 195]]), array([[129, 220,  70, 213,  71, 133, 199,  56,  42, 120, 239,  57, 209,
         20, 111,   6,  20],
       [157,  82,  46, 111,  49, 102, 217, 215,  77,  81, 247,  21,  21,
        128, 176, 190, 214],
       [ 60,  43,  79,  10, 227, 158, 142,  98, 137, 121,  14,  69, 112,
        230, 250,  43, 102],
       [ 88, 106,  43, 150, 213,  56,  85, 143, 113,  56, 216,  26,  64,
        200,  70, 190, 242],
       [ 71, 167, 142, 102, 159, 190, 228,  10, 104, 218, 195, 164, 197,
         61, 217, 120,  25],
       [107, 243,  80, 121, 199, 228,  77, 246, 134,  36,  75,  82, 180,
        124,  85, 117,  74],
       [221, 159,  18, 143, 105, 102,  29, 211, 224,  78, 253,  49, 179,
         42, 100, 184, 153],
       [ 79,  48, 209, 142, 249,  86, 230, 154, 182, 154,  73,  29,  20,
        159, 148, 131,  46],
       [100,  75,  35, 245, 140,  73, 229, 187,  61, 141,  27,  13, 167,
        170,  29,  32, 155],
       [250, 145, 183,  50, 197,  60,  68, 117, 102, 146, 201, 221,  91,
        244,  40, 107,  41],
       [237,  68,  53, 229, 253,  93,  78, 233, 155, 111, 188, 220, 105,
        248,  56, 132,   9],
       [130, 144, 103,  26, 185,  11, 136,  75, 108, 182, 107,  18,  59,
         32, 133,  96, 212],
       [ 24, 162, 196,  20,  99, 194, 207, 223, 244,  85,  35, 165,  49,
         20, 212, 193,  18],
       [ 39,  51, 198,  56,  75, 109, 203, 170, 185,  54,  17, 145, 191,
        105, 102, 211, 203],
       [ 88, 251,  59,  37, 197,  12, 210,   4, 144, 108, 238, 126, 100,
        124, 193,  41, 185],
       [ 97, 176,  40, 140, 208,  14, 137,  44, 216, 195,  26, 240,  14,
        155,  64, 231, 229],
       [ 70,  45, 208, 124,  65, 190,   0, 196,  49,  51, 176, 207, 153,
        133, 226, 204,  51]]), array([120,  10,  47, 103, 207, 193,  99, 199, 198, 210, 169, 187,  95,
       255,  59, 119, 226,  67, 199, 216,  30, 129]), 120), (array([[118,  91, 230, 144, 217, 223,  11, 105, 125, 151,   6, 185,  70,
        176,  49, 209, 229, 108, 183, 179, 118, 235],
       [127, 220, 136, 171, 163, 155, 148, 195, 226, 169,  20, 178, 152,
        247,  23, 118, 137, 180, 239, 158, 138, 140],
       [ 72,  94,   6, 134, 206, 246, 215, 155, 196, 154,  98, 101,  84,
        229, 202,  17, 151,   9,  17, 202, 181, 148],
       [241,  65,  63,  88, 102,  94, 102, 239, 139, 181, 221, 149, 222,
         76,  88, 213, 129,  58, 123,  19, 128, 126],
       [164, 117,  74,  52, 208, 166, 179, 121, 123, 141,  16, 242, 164,
         31,  42, 224, 144,  83, 140, 124, 188,  10],
       [200, 129,   0,  14, 230,  77, 171,  23, 109, 118,  39,   7, 142,
        172, 210, 238,  98, 199,  41,  28,  89,  64],
       [ 53,  13,  12,  77, 218,   3, 119,  28, 147, 248, 178, 134, 142,
         14, 152, 179,  81,  99,  93,  49, 105,  62],
       [118, 201,  80, 173,  13, 179,  46, 201, 216, 199,  46, 211, 170,
        218,  37, 225,  38, 209,  70, 115,  38, 151],
       [ 74, 242, 135,  17,  53, 229, 212, 146, 189, 150,  52, 216, 172,
        149, 127, 176, 216, 114, 182, 243, 222,  31],
       [170, 213,  64,  79, 114, 104, 222, 150, 134, 180,  55, 141, 182,
        221, 240,  92, 198,  42, 208, 147, 226, 230],
       [ 15, 119, 124,  45,  98, 248,  96, 163, 109,  96, 200,   3, 219,
        215,   2, 182,  79, 242,  47, 170, 206,  14]]), array([[243,  71,  57, 107, 234,  49, 232,  26,  26,  40, 120, 206,  28,
         32, 127, 115, 209, 211, 105, 189, 121,  64],
       [ 14,  89,  61, 125,  36,  31, 221, 208,  14, 167, 155, 129, 212,
        143, 163, 181, 144, 198,  85, 249, 134, 152],
       [163, 153,  77,  55, 243, 228,  12, 187,  12,  69,  53, 217,  75,
        168, 246,  45, 188,  39, 190,  57, 228, 161],
       [246, 191, 206,  69,  13, 248,  15, 135, 227, 227,  84,  98, 225,
         92, 175,  56, 120, 147,  57,   8,   7,  63],
       [175, 232,  69, 165, 134,  19,  76, 109,  68, 143,  61,  51, 154,
        222, 137, 160, 166, 172,  94,  46,  93,   5],
       [238, 208, 135, 178,  98, 100, 235, 121,  45, 234, 168, 173, 176,
        213, 168, 154, 216, 157, 166,  60,   0,  12],
       [169, 102,  43, 135,  63, 250,  75, 213, 227, 146, 180, 128, 157,
         18,  58, 172, 128, 238, 139, 146,   5, 138],
       [175, 247, 244,  99, 141, 218, 131, 150, 209, 106,  24, 227, 171,
        127, 218, 115,  71,  88, 132,  44, 151, 132],
       [245, 246, 235,  14,  57, 219,   9,  61,   7,  87, 198,  56,  51,
        219,  45, 170, 105,  94,  37,  21,  63,  40],
       [  9,  30, 206, 132,  49, 217,  91, 150, 172, 245, 182, 189, 255,
         43,  39,  68, 204,  61, 207, 207, 247, 119],
       [ 83, 189,   2, 221,  45,  49, 193,  75,  75, 215,   6, 225, 157,
         23, 149, 236,  57, 213,  98,  45,  50,  82],
       [ 52, 198, 220, 250,  80, 152,  88,  14, 126, 105, 156, 135, 208,
        190, 239,  71, 229,   4,  59, 122, 144, 179],
       [ 12, 182,  85,  92,  88,  75,  78, 162, 248,  35,   3, 246,  63,
        121, 193,  65, 138,  88,  39, 118, 227,  84],
       [100, 168, 184,  44, 229, 247, 110, 163, 128,  75,  59, 229, 112,
        149,  85,  75, 135, 182,  31, 105,  95, 150],
       [218, 154, 137, 229,  26, 156, 244,  92, 100,  91, 160,   3, 219,
        192, 188,  94, 172,  41, 249, 116, 163, 239],
       [113,  82, 206, 137, 244, 250,   4, 175, 223, 238, 250, 175,  86,
        172,   1,  44, 176, 145,  37,  56, 163,  46],
       [ 99,  72, 193, 220, 233, 182,  64, 196, 120, 243,  54, 178,  65,
         47, 218,  40, 208, 162, 133, 115, 172, 122],
       [229, 245, 147,  74, 157,  75, 254,  50, 156,  65,   1, 227, 125,
         89, 120, 113,  39, 100, 251,  65,  66, 129],
       [ 55,  61, 193, 152, 126,  28, 233,  51, 119,  51, 189, 229,  88,
        104,   1, 137, 219, 248, 221, 253, 184, 230],
       [183,  39, 243,  46,  71, 245, 188, 203, 154,  15, 176,  61,   0,
        198, 166,  44,  45, 203,  97, 233, 109,  19],
       [153, 179,  95, 236,  69,  25,  64,  83, 203, 166, 176,  16,  88,
         82, 185, 165,  18, 143, 248, 217,  55,   7],
       [233,  71, 180, 126,  88,  18,  11, 200,  75,  67, 139,  41,  87,
        252, 129, 151, 248, 130, 106, 167,  40, 230]]), array([ 25, 121, 157,  29, 169,  79, 189, 242, 117, 239, 103, 248,  79,
        36, 184,  62, 153,  94, 210, 128, 226, 176, 200,  94, 109, 139,
        96, 199, 234, 147, 212,  65, 177]), 92)))
